-3.05311331771918e-16
1.99454865240883
1.9958574261413
1.99594165503288
5.98555286065526
5.98874186034892
5.99099503125382
5.99489563717697
5.99629963245025
12.006782918397
12.0164668414607
12.0217429303309
12.025080124429
12.0319503114126
12.04106265978
12.0513556146079
20.1446673484617
20.1607727208319
20.1674420739009
20.2048473637055
20.2100393941625
20.2213880993359
20.2483122989383
20.2672627320827
20.3694669671187
30.4375283719897
30.5130252224482
30.6119459758393
30.6512279449745
30.6883309035387
30.755657504949
30.8324822562634
30.9087327571025
30.9416882288659
31.1382043554215
31.3446251980596
43.1466246126539
43.3415195701258
43.5191766097507
43.6202541709765
43.6804768286778
43.7912809257795
44.062781961729
44.221068312484
44.5907345464957
44.7928665348269
44.8981294397148
45.0607521532192
45.4689234127003
58.7437691741824
59.1338935802113
59.7531340515544
59.8334484694326
60.0192118325572
60.50868345761
60.731900190795
60.9318707543486
61.2763253321739
61.3984662872494
61.4940648059611
61.8501704251683
61.9401927591116
62.3658861595321
63.0398705796511
77.7569895029642
78.8107612339931
79.0976602022003
79.5908239777612
79.6774007566478
80.1837702368966
80.6416367449136
81.5597978724702
81.8121871651786
82.3264769793573
82.6063612539436
83.116200628745
83.2987112344257
83.9000401077128
84.6743605673274
85.2656179663639
86.1597216817021
101.678023408485
103.157920670648
103.673955439351
104.278174332898
105.02304327283
105.162745596132
105.484138190356
106.739132048213
106.919362458008
107.455744331085
107.980999211506
108.074230092175
109.154992430664
109.715152583226
110.022096413411
111.21742388985
112.874796837436
114.610856796425
116.254815187326
130.206121764699
130.851981248053
131.069928445409
133.5968429806
134.30473952785
135.699651639995
136.015247873697
136.763411588089
138.080983095218
138.613219255456
139.589551937329
140.390123050389
140.680423897581
141.432874774762
144.816413875604
145.59915875446
147.095436470338
147.72405512
149.634383716582
155.039012345849
155.91443898567
163.912748529772
166.333252219758
168.382657124749
169.008633271747
170.283086111666
171.412265783358
174.6851619577
175.858562336679
177.228541319715
177.684160009457
178.596881319129
181.527987136475
181.863271709122
183.851289379862
185.375129613497
186.088460089355
187.826709320708
189.808424590828
192.700509663415
195.369863645587
198.282821881776
199.271659790739
201.280441099063
208.437105548069
213.751048031525
214.276274053141
215.382778940191
216.762997145527
217.407468251367
