-1.72702617384436e-13
2.00784318634924
2.01150295755494
2.0115029575551
6.07567091955452
6.07567091955463
6.13571535614774
6.15654179659512
6.15654179659524
12.27201568924
12.276711315636
12.5133696825604
12.5133696825606
12.6067505043663
12.6067505043664
12.6548068989187
20.7448362096269
20.7448362096269
21.1524674306163
21.450784112174
21.5582303941627
21.5582303941627
21.9049361234567
21.9049361234568
21.9296034584405
31.6241326607163
31.6241326607165
32.7159367721971
32.7159367721972
33.1646387115316
33.2495454716829
34.0796951516109
34.079695151611
34.4171016113077
34.4171016113078
34.5569605480012
44.8210929516344
45.4035732329894
46.9288565724922
46.9288565724923
47.75521542241
47.7552154224101
49.2698840730584
49.4312415804826
50.1461033605285
50.1461033605285
50.709623539374
51.2971580462171
51.2971580462172
61.2249482835694
61.2249482835695
64.1913902380424
64.602785378296
65.4616480559109
65.4616480559111
68.0488987574194
68.0488987574195
68.2402780239468
70.1101030434372
70.8611514936232
70.8611514936233
72.7730349473242
72.7730349473243
73.6789324846233
80.836564055301
80.8365640553011
85.2627272284964
85.2627272284965
86.281344793111
86.7881897815035
90.139248979484
90.1392489794841
91.229120868292
91.229120868292
93.2852556666588
95.9217381043441
95.9217381043442
98.8892278240656
100.161499375997
102.847041643442
102.847041643442
103.505828658758
104.1700267994
109.209432011382
109.209432011382
111.809507469075
111.809507469075
113.273890701849
117.907964665635
118.430258916014
118.430258916014
121.314074051932
122.447340017514
122.447340017515
127.800287542911
130.124049457341
130.124049457341
132.334316446207
132.334316446207
136.691571555067
136.691571555067
137.831743423888
137.840057799572
138.049308003134
138.165491038401
138.165491038401
145.641654152879
145.641654152879
146.574122753047
152.259662412897
156.319314621886
156.319314621886
158.290680316151
158.598204112118
158.598204112118
161.292040708498
161.292040708498
166.068722483133
166.068722483133
166.72946513643
166.72946513643
167.400664129325
170.651218104823
171.788584949222
171.788584949222
173.436073758429
181.781322532859
182.617696131209
182.617696131209
187.183104002578
187.183104002578
189.411638614476
190.588346193024
192.323225451043
195.012525397939
195.012525397939
196.568041685034
196.568041685034
198.223706243349
201.623307816103
201.623307816103
202.006288149206
202.554639537851
203.534345480408
203.534345480408
211.745367790405
211.745367790405
216.686193406009
228.053214255068
228.053214255068
228.26929604777
228.26929604777
232.741705065763
233.725558903443
233.900314021154
238.311955964621
238.311955964621
242.518749675101
242.518749675101
243.983790323103
245.134694150026
245.134694150026
247.797153347298
247.797153347298
249.519110104964
251.325394591596
257.77739868062
258.475032741688
258.475032741688
259.040166347076
268.46915782381
268.46915782381
272.028927886891
279.484760805869
279.484760805869
283.222523212383
283.222523212383
291.553487780315
295.611632622586
295.611632622586
300.698000344907
304.344591195847
304.344591195847
305.989230859613
306.148238542344
306.148238542345
314.048114961577
316.680897245303
320.882936059113
320.882936059113
321.340182347683
321.340182347683
322.998163787486
325.024886270358
325.024886270358
326.829049724175
326.829049724175
329.613569434438
330.873068120869
330.873068120869
331.843478076387
331.843478076387
341.055292193422
341.265387066745
343.028716345077
353.881323161132
355.024606643191
358.429515705017
358.429515705017
363.143664651059
363.143664651059
371.028562994072
371.684808433903
371.684808433904
372.646311426055
372.646311426055
374.725424889277
381.354045056837
381.354045056837
381.587088848778
385.623936736052
388.636878800188
388.636878800188
392.461561308788
392.461561308788
396.448418800525
396.448418800525
404.853687544356
410.3808541478
415.774351108965
415.774351108965
420.461545582468
420.461545582468
427.734035211635
432.436416623509
432.436416623509
441.066074808304
441.066074808305
442.690427109347
451.930766353688
454.498334268297
466.74757058312
485.45863672274
489.428744458194
489.428744458194
491.358184891666
491.358184891666
510.515579805836
547.712800181936
553.111890056129
553.111890056129
565.477937844788
565.477937844789
573.883564545997
573.883564545997
574.570010957874
580.310491981887
580.310491981887
581.4145717987
588.925096543429
592.09592950816
592.09592950816
594.907661251937
594.907661251938
595.571193561361
598.314715546399
642.177906648614
642.849964020368
647.175373250176
647.175373250176
677.08685057401
677.08685057401
704.54019433386
705.863782098742
705.863782098743
709.413795075754
709.413795075755
758.65782602848
778.165612749649
778.165612749649
780.31410554969
780.314105549691
783.392776223548
784.33757483733
790.118518938841
794.452256129251
835.410799110947
835.410799110948
838.820650310964
842.301813031472
842.301813031472
843.934214911108
848.536132751872
848.536132751872
857.598392385419
857.598392385419
861.663899455549
879.028119932975
879.028119932975
883.240724022782
883.240724022783
883.687955494637
892.047821671123
898.804042280653
898.804042280653
899.151138632542
899.151138632542
900.530041651832
923.536818320451
924.259330080858
936.597640680196
936.597640680196
938.313605150845
938.313605150845
962.318225590303
969.677046360809
969.802645244682
969.802645244682
972.706436257687
975.0683479635
975.068347963501
976.525524039532
976.525524039532
997.203618059827
1006.08583888611
1006.08583888611
1045.57036497109
1045.57036497109
1050.16369292583
1050.16369292583
1055.00820798302
1070.13542142738
1115.41207972602
1117.33162771258
1117.79521102851
1117.79521102851
1127.33247733158
1127.33247733158
1146.24410372184
1146.24410372184
1147.80290130783
1154.39177829888
1154.39177829888
1161.57082153786
1199.18576237936
1223.50989206039
1228.14877510844
1228.14877510844
1235.96250088964
1235.96250088964
1250.97295348252
1254.32979193116
1272.75922954552
1272.75922954552
1279.80643704625
1279.80643704625
1286.3721642761
1292.33052682099
1301.38690832555
1301.38690832555
1302.40659306239
1302.40659306239
1304.69672923192
1310.85998189998
1323.78064374108
1323.78064374108
1324.67777771328
1324.67777771328
1359.49070358687
1363.30279355121
1374.15241339792
1374.15241339792
1375.56841631112
1375.56841631112
1460.56874107425
1464.16378309306
1464.16378309306
1471.75155455131
1471.75155455131
1477.03585742212
1555.52808652139
1555.93223494858
1555.93223494858
1556.19465879983
1556.58150117525
1556.58150117525
1583.90374032908
1591.45066034784
1591.45066034784
1618.45198169921
1618.45198169921
1689.32733219128
1748.45358549944
1751.57682998518
1783.29083960888
1783.29083960888
1788.06531098986
1788.06531098986
1817.31594856673
1817.31594856673
1822.07092034833
1822.07092034833
1840.09546924106
1840.45568714816
1925.63936855029
1926.15934816412
2332.44154881749
2337.67115957966
2337.68465070788
2337.68465070789
2341.32232037177
2341.32232037177
2467.69081294812
2467.69081294812
2470.34397644596
2470.34397644597
2505.43170533392
2506.95828263576
3311.84608939551
3311.85897185538
3336.25200780699
3336.25200780699
3336.55088869381
3336.55088869381
3502.44062548354
3502.44062548354
3503.19901186229
3503.19901186229
3525.67740035569
3529.15409917854
5337.6825066178
5339.03129388592
5339.03129388592
5341.05100471718
5341.05100471718
5341.8563822915
5430.0536047045
5432.77002076429
5432.77002076429
5459.86960133172
5459.86960133172
5555.99884583853
11612.5416781928
11612.5416781928
11612.5813075257
11612.5813075257
11805.5984502366
11810.7384388045
