2.05159731108489e-14
1.99999999979612
1.99999999979613
2.00000000040775
5.99999999831268
5.99999999937028
5.99999999937032
6.00000000147335
6.00000000147337
12.0028961536645
12.0049438980178
12.006814443465
12.006814443465
12.0071651796002
12.00815810918
12.0081581091801
20.0263886672464
20.0263886672464
20.0344307497279
20.051458566971
20.0565250009387
20.0567425176404
20.0567425176404
20.0618975681315
20.0618975681315
30.1120347088112
30.1120347088113
30.1592400585122
30.1660400805596
30.1660400805597
30.2163633536422
30.2163633536422
30.2693658618904
30.2693658618905
30.2804967899716
30.3255731831978
42.265397896783
42.4346029035792
42.4564270033658
42.4564270033659
42.555452096896
42.5788774829572
42.5788774829574
42.6238090280712
42.7430191750587
42.8549847400005
42.8549847400007
43.1739250532308
43.1739250532308
56.7011469674182
56.7011469674182
57.0163468874245
57.0690624812264
57.0690624812268
57.1984846281952
57.4094915135631
57.4094915135635
57.9552792215451
58.1110993119783
58.3466338661103
58.3466338661104
58.7505489395542
58.7505489395551
59.685781615612
73.3651189715463
73.3651189715466
74.1530091244645
74.1530091244646
74.6214481468301
74.7403423379055
74.9064867556992
74.9064867556993
76.2670182660088
76.4042299507746
76.404229950775
77.0999659107648
77.0999659107659
77.1597117297088
78.9788341609149
78.9788341609175
80.1455085039852
92.408700205881
93.0344537291834
94.3153750337379
94.3153750337386
95.2551509230278
96.1299729398863
96.1299729398871
97.1262885813962
97.5351110986347
97.535111098635
97.7155270104877
97.836708741987
98.9649500477459
98.9649500477489
100.480185017787
102.553337303037
102.553337303041
107.596221548438
107.59622154844
115.049438064279
115.049438064281
116.160789349998
120.308316173014
120.443102461276
120.443102461292
121.912279557765
121.91227955777
122.548372751206
122.548372751228
123.073443897298
125.337897249597
126.311096407153
126.311096407153
127.22775248385
130.400760759468
132.646061820048
132.646061820051
135.830937347434
141.237380664443
141.237380664444
142.199694857826
142.199694857828
143.724930048798
143.724930048815
147.412634890099
147.70896423129
147.708964231334
154.407020698431
154.407020698436
155.702844120196
157.560136025166
157.560136025168
157.654543140388
160.743883134166
160.743883134174
162.557701339
166.122782741734
171.145890795411
171.363476298696
172.46748353785
174.514484781199
174.514484781208
175.254126037554
175.254126037562
175.79527330209
175.795273302123
176.158851462091
177.964471683646
183.068967950495
183.907383015071
183.907383015108
189.146570944089
189.146570944095
194.713918641726
194.713918641728
199.564844016891
199.564844016896
201.782347052746
205.274908378404
205.274908378405
209.595804421862
210.604537002764
211.990078228287
213.885391438163
213.885391438167
217.588390671794
217.588390671832
218.152807761716
218.961208132665
218.961208132675
219.36062781147
221.3399609645
226.737386404667-1.07330724647663e-11i
226.737386404667+1.07330724647663e-11i
228.57942503503
228.579425035031
234.082495736901
236.507386830705
236.507386830762
238.448827259612
240.800883092678
243.484502349843
243.484502349846
249.18422272695
249.184222726995
259.150789330887
261.779897177472
261.779897177511
263.603586657364
263.977772061932
263.977772061997
264.493145642114
264.493145642324
264.566471552111
264.566471552205
269.546721258982
271.385836450557
274.070323132931
278.204478395867
278.204478395905
278.479690007007
279.829980931343-2.86461842797895e-11i
279.829980931343+2.86461842797895e-11i
280.526598603787
294.545773266977
294.54577326698
295.566906802503
300.776696637731
302.532756362019
302.532756362036
307.296548649333
310.170560528008
310.653490312913
310.653490312959
316.939350548744
316.939350548908
321.145011094623
324.19419928796
324.194199288032
326.456141702698
326.456141702832
327.86310673927
329.54283666647
329.542836666619
332.761418223087
344.633503148996-3.31749361109899e-11i
344.633503148996+3.31749361109899e-11i
345.421840808976
348.054150976464
348.054150976515
349.414865518401
350.351817890797
351.856312960112-1.9315516455652e-11i
351.856312960112+1.9315516455652e-11i
354.367305943308-4.09719661391098e-11i
354.367305943308+4.09719661391098e-11i
363.91315308765
369.763819447778
369.763819447783
372.543271708879
372.543271708941
374.595069923889
375.442441413596
375.442441413716
382.4521591305-9.75509957469718e-12i
382.4521591305+9.75509957469718e-12i
386.893784974136
386.893784974445
388.951142985362
393.411107782662
397.374020603896
397.374020604084
401.679867912283
410.948781216196
414.986610787519
416.142215229214
416.142215229419
419.340307941648
419.340307941672
420.336879611377
425.132565706938
425.132565707515
426.927331567094
432.611978746832
435.939332727304
435.939332727692
438.478784473704
444.785541450908
444.785541451077
446.590332751293
447.780396510626
451.066855008759
451.066855008945
463.780011940047
463.78001194009
464.168522091744
469.079897088644
469.079897089114
470.909928541026
472.057539397199
472.057539397546
478.34321027993
478.343210280616
482.814626392374
482.814626392622
487.674434852896
492.936196320951
495.513199299176
495.513199299577
500.411246172889
508.863966208612
508.863966208656
510.100997424362
511.47250065588
511.472500655939
513.112826866697
515.582325916466
519.002379277388
