2.0393122620474e-12
1.99999999999985
2.00000000000013
2.00000000000304
6.01006446366825
6.01006446366861
6.01912624857643
6.0288138705474
6.02881387054995
12.0526028522052
12.0541044735368
12.1116594130037
12.1116594130047
12.1166591369205
12.1166591369215
12.1379192299115
20.1653039209479
20.1653039209483
20.2910709195221
20.3087903434424
20.3349013771355
20.3349013771357
20.4127929691872
20.4236416735689
20.4236416735696
30.3898192393862
30.3898192393867
30.6401975768393
30.6401975768394
30.7321377244819
30.7370777646172
30.9479046364698
30.9479046364699
30.9873472643124
30.987347264313
31.0504341459175
42.7463149502451
42.8301451512562
43.203371328168
43.2033713281686
43.3694015910444
43.3694015910446
43.746280133024
43.8132402051974
43.910138825895
43.9101388258962
44.0769601794137
44.124477168285
44.1244771682851
57.4273285491419
57.4273285491425
58.0552806615265
58.0796761784489
58.3333922031431
58.3333922031442
59.0055215892689
59.0055215892692
59.2321620031924
59.299990137389
59.711577401379
59.71157740138
59.7525752124012
59.7525752124021
59.9558673008087
74.3850805594119
74.3850805594123
75.331519399848
75.3315193998486
75.60337248161
75.8513973036478
76.6893165867822
76.6893165867831
77.1974695302169
77.1974695302169
77.8102009078846
78.008649935662
78.1299173355082
78.1299173355094
78.5068029543333
78.5369670856119
78.5369670856127
93.6725672685667
93.8150266711269
95.0761978822957
95.0761978822961
95.6456151854499
95.6456151854508
96.9315853904861
96.9557971265123
97.7552971342469
97.7552971342472
98.8333933210136
98.8333933210137
99.3159011338501
99.3772062918948
99.9494710764894
99.9494710764894
100.30496653846
100.304966538461
100.416121960235
115.591652589725
115.591652589725
117.422196039943
117.471689602722
118.070764179665
118.070764179665
119.924202785861
119.924202785861
120.91174230308
121.254030153416
122.52638062333
122.52638062333
123.619096197579
123.619096197579
124.189477482344
124.545856405184
125.042288296809
125.042288296809
125.622242951046
125.622242951047
125.808520892724
140.019264226572
140.019264226572
142.558274169585
142.558274169585
143.040274836338
143.685401269658
145.53270587227
145.532705872271
147.189528177828
147.189528177828
149.051373969293
149.538921166767
150.647420193995
150.647420193995
152.116293684764
152.116293684765
153.242654191175
153.243204608657
153.621721928213
153.621721928213
154.614010809943
155.078560389552
155.078560389552
166.406262790879
167.879356401839
170.416638793376
170.416638793377
171.462847779763
171.462847779763
173.99668060425
174.232062492769
176.202847226697
176.202847226698
179.22745501793
179.227455017931
179.700257533858
182.050259203743
182.701608745751
182.701608745751
184.758193410651
184.758193410651
185.066303388907
186.329329359396
186.657173494518
186.657173494518
188.205254652356
188.205254652357
188.301706342612
196.718041317713
196.718041317713
201.305355062032
201.546335852921
202.747855297679
202.747855297679
205.828933577644
205.828933577644
207.326748828831
208.286158320156
212.357126319675
212.357126319676
213.232221692386
213.232221692387
216.773587243265
217.615751564961
219.606417482151
219.606417482151
220.987499298757
220.987499298758
222.049609547201
223.969591842005
224.231813060401
224.231813060403
226.36389873211
226.36389873211
226.631113766134
229.615424039969
229.61542403997
233.985677949417
235.665472376977
235.665472376978
239.173860300966
240.044822044122
240.044822044122
243.706256231608
243.706256231609
248.269502200311
249.254746501939
249.699250467562
249.699250467562
252.827571980248
254.598490036323
254.598490036324
259.193134740008
259.193134740008
261.914290610301
261.999657875296
262.253276291067
262.253276291068
264.235686466493
268.086697355004
268.086697355005
268.207472640953
269.036966408582
269.761190837182
270.198276495875
270.198276495876
272.434233771794
272.434233771794
274.098565619546
274.098565619546
278.390875058901
279.484246703531
281.186510833369
281.186510833369
288.598377186454
288.598377186455
288.681201498867
293.450729388825
296.065491472448
296.065491472448
296.319824639193
296.319824639194
302.028124546074
303.186442206255
306.060821445794
306.060821445795
307.283258126199
307.283258126199
308.362422024414
308.442255908427
308.442255908427
313.708937086696
314.188490646934
315.18275597043
315.18275597043
317.353091548323
317.353091548323
317.851125397395
318.888295530255
318.935211035488
319.183311576217
319.183311576217
319.255456958027
319.255456958027
327.647315688508
331.276013848241
331.276013848241
336.59045564851
336.590455648511
338.400137419698
342.676955111443
342.676955111444
343.328343938067
345.714400576253
349.088106895689
349.08810689569
350.194643997422
350.194643997422
355.947644302419
355.94764430242
356.842593776732
357.787563956963
357.787563956963
357.846230519478
359.414804339184
361.782260359217
362.077629089176
362.077629089177
364.521435210595
364.521435210595
369.603702670762
369.603702670762
371.843638105504
371.924188168272
371.924188168272
373.125520458057
374.823290480159
375.724797761773
375.724797761773
381.611437339972
382.624405031685
382.624405031685
389.526859751708
389.526859751708
391.461439107459
392.841499451978
396.359076351527
398.901776734523
398.901776734524
399.908018822252
404.876302376758
404.876302376758
406.572008959095
406.572008959096
406.766226948699
407.80100992094
407.80100992094
409.325036118118
412.49027661128
412.81314105223
412.81314105223
412.828794979378
412.828794979378
414.995905367132
419.918657653118
419.918657653119
424.162877805505
429.540125269124
429.540125269125
430.099781857138
432.671466235736
433.830582682652
433.830582682652
438.586834008636
439.235102313618
439.235102313619
439.4795716244
439.4795716244
445.588691280648
447.644443102454
447.644443102454
449.827824566082
450.146788165461
450.146788165461
458.897688850839
459.720167458547
459.720167458548
460.201774344981
463.432294824137
464.777279880565
464.777279880565
468.360711700207
468.360711700207
468.580310085966
468.580310085966
469.780538902048
471.718368719953
474.82839730342
477.329532618984
477.329532618985
478.320276855404
479.443766788381
480.224663311533
480.224663311533
480.711904569411
480.711904569412
488.800984159061
490.060527914695
490.060527914695
493.277709237693
494.70142820908
494.701428209081
495.526526188251
499.666401272341
499.666401272341
502.505018459768
502.788012814445
502.788012814445
503.411932685121
503.411932685121
510.836053615476
512.478021907444
514.290558574848
514.290558574848
514.358131185516
514.358131185516
522.234288415781
525.211948719931
525.211948719931
525.746080822885
525.746080822885
526.917874281023
526.917874281023
527.693256830295
533.23136399536
535.411467320266
538.933956151133
538.933956151134
541.032530006623
541.847166839276
541.847166839276
541.903890865053
551.060356651864
551.060356651864
551.58509423942
552.854424763628
552.854424763629
557.368496139623
559.356205157293
562.753943139591
562.753943139591
568.586696555611
570.253217714526
570.253217714527
571.85720012048
572.416470158804
572.416470158804
572.558389612481
572.558389612481
576.24506679691
580.904156948782
580.904156948782
583.228932362756
585.866174741927
586.482333879841
586.482333879842
588.53740272199
590.07916579079
590.079165790791
593.886557113331
595.46822134549
595.46822134549
602.668519165251
602.833953248232
602.833953248232
603.860199864703
604.047105942829
604.047105942829
605.922336389597
605.922336389597
606.847583005705
613.048842136561
613.273935909065
613.273935909065
622.024455366151
622.502378072454
622.502378072454
625.357879731748
625.357879731748
629.483192932944
629.483192932944
632.036748213144
633.98663377852
633.986633778521
638.317434674511
642.523770983592
642.523770983592
643.79550710339
644.91017328591
645.046743480913
646.318874389946
646.318874389946
646.815916882912
648.281240864464
648.281240864465
649.840056782334
650.519556308447
650.519556308448
651.091869830938
651.103294691786
651.103294691786
652.368219425007
653.377043952808
653.377043952808
658.560587939907
658.560587939907
662.528314240599
663.492094436193
664.782327078243
664.782327078243
671.231085411176
676.750424959206
676.750424959207
677.423601501604
677.423601501605
683.628453836978
690.666106202072
690.666106202072
691.39972454199
691.39972454199
691.417018249404
691.522703455981
693.215148265399
699.241266592639
699.24126659264
701.282552312221
701.426455475995
701.426455475995
702.294302416919
702.98119286805
702.98119286805
707.155087392358
707.155087392358
711.605524607976
711.605524607976
713.176215472217
713.558520584054
713.558520584055
715.5835127741
715.992643115165
719.515079261398
719.515079261398
722.109251550996
722.109251550996
726.118314455015
728.264167572771
728.264167572771
728.686988540784
728.686988540784
728.841537495003
739.578667828943
751.257428498461
751.317451331143
751.317451331143
753.013732773177
759.942920022333
765.865570310685
765.865570310685
768.294188212703
768.294188212703
768.356650886904
768.356650886905
773.291169602678
773.291169602678
773.897897425199
773.975025578911
775.351478432447
775.37821206177
778.00997276094
778.00997276094
786.437639206819
786.43763920682
787.191900540155
787.191900540155
788.740881809222
790.027332234161
792.629620656893
794.945349079909
794.94534907991
801.190886120533
802.414196653181
802.414196653182
808.061296354119
811.284551899304
811.284551899304
824.939016967795
824.939016967796
826.887793241104
827.289838501618
827.289838501618
831.130411013043
831.130411013043
833.693690662928
834.85407569277
834.854075692771
838.752878566036
839.085674444187
844.87925289446
849.931706411095
849.931706411096
850.735436626092
855.376748732449
855.376748732449
856.791371175466
860.028512653734
860.028512653734
862.95026079739
862.950260797391
865.466066218933
865.466066218933
866.478361204354
867.225728696637
867.483992553388
867.483992553389
868.016167222795
875.072012651102
875.072012651104
877.686587753356
877.747203308337
877.747203308338
880.346342206556
884.67523084087
888.41641222322
888.41641222322
888.594842488589
897.013440908325
897.013440908325
904.2735693476
904.273569347601
914.516600658906
915.597206785228
918.214394092618
918.214394092618
920.871103569335
920.871103569336
925.479231315449
927.42420450715
927.42420450715
933.982846107765
935.907860835762
935.907860835762
943.980833756518
945.825451166769
945.825451166769
946.314485289199
948.661817357243
948.661817357243
959.757477137525
959.757477137525
965.964324896328
965.964324896328
971.783597161858
974.652523355801
974.652523355801
975.96716501941
975.96716501941
976.488212744457
978.707800247971
982.593021029581
982.593021029581
982.95344158086
985.059686261025
987.333016751052
990.254799549091
990.254799549092
997.837686757539
997.83768675754
998.848571653954
999.577166607678
1002.73773275989
1005.16980492569
1005.16980492569
1008.64016887084
1008.64016887084
1014.80373258819
1018.49410895464
1018.79407179794
1018.79407179794
1021.93356396881
1023.76299754069
1026.50135509217
1026.50135509217
1027.24581871314
1027.24581871314
1028.40207805531
1028.40207805531
1028.70458517058
1028.70458517058
1038.91016976066
1040.03401876357
1042.56936295976
1047.15767642256
1051.47786900878
1051.47786900878
1051.98245906559
1051.98245906559
1061.30554739347
1062.26791755389
1065.98527096521
1065.98527096521
1067.06475330126
1073.29173756618
1075.94305571404
1075.94305571404
1081.17288886139
1081.17288886139
1088.90806563069
1088.90806563069
1093.36023053174
1093.36023053174
1099.37109725187
1102.4688849079
1109.18857441561
1109.18857441561
1112.03870309792
1112.03870309792
1120.34871383602
1120.34871383602
1120.51136445986
1127.05812204152
1127.05812204152
1130.25176895417
1130.25176895417
1133.18481382879
1133.18481382879
1134.87800717479
1134.87800717479
1135.34748947987
1138.21280234936
1138.68873485535
1139.57816760047
1157.59972439531
1165.40413855702
1165.40413855702
1169.07656494232
1172.68753548903
1172.68753548903
1173.37593496476
1173.37593496476
1173.90168150107
1174.34478445458
1175.41315956478
1175.41315956478
1176.94420792138
1177.1827447334
1178.28291697385
1178.28291697385
1179.43647797352
1179.43647797352
1190.19116331098
1190.77976705897
1191.76689245196
1191.76689245196
1193.33041913398
1193.33041913398
1197.54611321599
1203.86647860221
1203.86647860221
1211.45807842871
1211.45807842871
1212.16811420076
1212.92132740084
1216.81854574751
1222.54087313382
1226.55381736523
1226.55381736523
1228.42831915953
1228.42831915953
1234.4044805506
1234.4044805506
1237.30529410517
1241.49655453136
1242.27146667362
1242.27146667362
1242.31078915316
1249.71088469649
1251.88753956899
1261.61903392835
1261.61903392835
1263.43979657651
1263.43979657651
1274.27300667236
1277.57923369823
1277.57923369823
1277.85675721521
1277.85675721521
1278.17569225235
1288.10936573212
1288.10936573213
1291.72005178213
1291.72005178214
1293.39797543775
1293.75393023327
1303.9662583814
1306.34377392665
1306.60091778658
1306.60091778658
1310.05436392093
1310.05436392093
1314.16559856874
1314.16559856874
1320.84034142923
1320.84034142923
1324.91818209109
1326.03513732988
1326.03513732988
1327.34099665021
1327.34099665021
1329.07866358482
1336.99681727518
1336.99681727518
1340.15230098479
1340.15230098479
1347.5089394675
1349.53040297767
1353.11584916605
1353.68965984511
1353.68965984511
1353.94029624891
1353.94029624891
1354.30770627471
1362.7755824914
1371.49525173319
1371.49525173319
1381.32528005992
1381.32528005992
1385.17890146549
1385.99574382247
1388.24688866982
1388.24688866982
1392.75352493724
1395.23382114316
1395.23382114316
1405.61906507603
1405.83527929462
1406.37269349809
1406.37269349809
1406.43568889658
1406.43568889658
1408.03928130661
1410.0508448047
1410.0508448047
1411.02273170092
1417.42660526272
1417.42660526272
1418.27953600817
1418.27953600817
1419.85683609295
1419.85683609295
1420.41940438479
1424.50104282074
1426.49437716365
1427.77972729631
1427.77972729631
1429.09824840283
1430.59913026834
1430.59913026834
1436.71864469448
1438.24452750544
1438.24452750544
1446.15446299923
1446.15446299923
1447.97387442701
1451.84440207558
1453.01785133402
1453.01785133402
1454.19443502496
1454.19443502496
1463.47179337158
1463.47179337158
1464.7137477472
1468.35717233343
1468.35717233343
1479.64436506735
1482.41518536355
1489.60546076743
1490.04305209601
1490.04305209601
1494.7453140611
1494.7453140611
1497.38183865736
1497.66494275179
1497.6649427518
1504.49613806738
1504.49613806738
1512.61875554866
1517.61060402594
1517.8222541072
1518.41366500426
1532.07485950022
1532.07485950022
1534.69125743387
1534.69125743387
1544.51065150271
1546.72576990311
1563.27698190463
1563.27698190463
1564.9353379462
1564.9353379462
1567.14094783822
1568.04821772212
1570.05713213702
1572.33553723305
1592.17142251955
1592.17142251955
1596.33125975017
1596.33125975017
1600.47031197886
1604.90925022366
1614.97453328822
1614.97453328822
1614.9773376774
1614.9773376774
1638.84339277719
1638.84339277719
1642.89236201142
1651.24632113582
1651.24632113582
1656.38775586307
1657.40328138068
1665.20216824256
1665.20216824256
1669.51678660188
1669.51678660188
1673.84781603024
1673.84781603024
1676.41171402072
1676.41171402072
1691.37465503209
1691.94982060832
1694.40945492021
1694.40945492021
1695.52292710429
1696.88485264195
1696.88485264195
1711.50657400807
1716.25428821531
1722.53943270274
1728.41273332744
1728.41273332744
1732.85238715741
1732.85238715741
1735.68994626062
1735.96225447384
1754.72791175487
1754.72791175488
1774.7792986813
1774.7792986813
1776.05129773039
1784.00414543576
1784.00414543576
1787.27463871006
1790.74057880734
1790.74057880734
1799.95278439269
1816.86136967
1816.86136967
1822.49832542202
1822.49832542202
1839.33597030013
1839.33597030013
1839.99602397719
1839.99602397719
1862.06906619443
1872.57594312578
1872.57594312578
1887.48963060055
1891.97732917374
1891.97732917374
1907.33616586733
1931.6071397108
1931.6071397108
1936.58495589882
1936.58495589882
1939.36794225733
1940.24677150752
1943.62866838342
1945.49793060352
1945.49793060352
1948.7517987257
1948.7517987257
1956.10627045157
1956.10627045157
1958.29869609276
1960.71042274023
1960.71042274023
1966.08562699411
1968.45625158624
1973.82174672273
1997.17818426516
2001.17688519428
2001.4816034083
2004.61596129605
2005.13494238155
2005.13494238155
2006.28688679841
2006.28688679841
2012.95660626821
2012.95660626821
2013.06732404597
2015.26568241984
2015.26568241984
2021.49118858185
2029.33226203918
2029.33226203918
2030.42302929483
2047.59254846728
2047.59254846728
2069.17924318325
2081.52337619973
2114.74737291764
2114.74737291764
2162.19425408736
2167.70230524776
2167.70230524776
2177.70581465133
2181.53296566139
2181.5329656614
2184.14119100935
2184.14119100935
2239.61297184482
2247.78236733436
2248.47937574499
2248.47937574499
2252.34186724907
2252.34186724908
2262.66208726781
2265.07538914685
2271.39762951591
2280.4476978001
2280.44769780011
2284.12631189635
2284.12631189635
2319.10123016857
2350.79593200814
2350.79593200814
2375.10969028029
2379.5753584407
2379.5753584407
2381.75963408163
2391.8842038708
2391.88420387081
2397.20700191534
2397.20700191534
2399.46083466047
2401.18355387549
2401.18355387549
2402.14917288333
2416.70927106907
2416.70927106907
2424.66809663011
2460.47084526469
2462.05626355776
2462.05626355777
2463.61262996218
2463.61262996218
2463.92840067893
2504.85923529329
2514.06885022682
2514.06885022682
2536.70562097656
2536.70562097656
2538.89705308997
2546.86963138977
2546.86963138977
2563.85960005013
2563.85960005013
2568.80939624126
2573.72175990396
2598.85764967253
2598.85764967253
2602.93476652303
2602.93476652304
2604.83923965406
2615.85441235235
2619.54580165219
2621.67098028326
2622.44186697183
2622.44186697183
2624.94721901161
2624.94721901161
2627.45945342496
2628.45393810536
2628.45393810536
2629.5276301641
2629.5276301641
2631.76932441379
2632.9391377859
2636.56281695342
2636.56281695342
2640.78656077609
2642.56629225718
2642.56629225718
2657.16903848331
2683.99758271814
2683.99758271814
2687.13163233482
2691.49480586197
2691.49480586197
2692.47438327532
2692.47438327532
2695.92877796805
2695.97988316313
2695.97988316313
2699.76445114374
2720.47626601984
2720.47626601984
2721.11158374661
2721.11158374661
2729.91062211048
2741.34890934777
2749.09849020551
2763.90454125927
2763.90454125927
2767.50679603269
2767.50679603269
2775.46799106709
2807.49330198615
2815.04211726355
2815.04211726355
2815.05515169904
2816.75004903565
2824.11968234827
2824.11968234827
2832.76712155253
2832.76712155253
2835.24841776176
2835.24841776176
2839.14771811536
2839.14771811536
2839.2856526334
2845.75168845506
2845.75168845506
2847.6873071936
2856.07553410032
2865.42480826594
2868.30450322594
2881.88123930763
2881.88123930763
2895.80495699085
2895.80495699086
2901.12991115752
2944.34092859391
2944.34092859391
2950.18062536649
2950.18062536649
2956.00332811171
2964.41322999752
2969.46818038768
2969.46818038768
2982.84820995528
2982.84820995528
2986.05394090536
2990.5210019844
2990.5210019844
2996.62031581999
2996.62031582
3015.81880036363
3031.95469983011
3033.77421239516
3033.77421239516
3037.10168638542
3037.10168638542
3039.91272211669
3071.65513635138
3072.96110341295
3072.96110341295
3074.67749585863
3076.47877104811
3076.47877104811
3086.50100260707
3088.39246553645
3096.61323126463
3104.69216455888
3107.5803739802
3107.5803739802
3119.31624387214
3119.31624387214
3136.56932945877
3136.56932945877
3139.87548106353
3139.87548106353
3141.24758348608
3141.64200477384
3147.52991789119
3147.52991789119
3147.83716282186
3147.83716282186
3150.33692634276
3177.49206962376
3194.4341992346
3194.4341992346
3205.69500819283
3205.69500819283
3212.67253473018
3217.75463218769
3223.4352308495
3223.4352308495
3225.13871946294
3237.21597001167
3237.21597001167
3245.92318708564
3264.4009218259
3266.66756659327
3266.66756659327
3267.89387111164
3267.89387111164
3282.23797816697
3282.48366132959
3282.48366132959
3288.41682932662
3298.92997934957
3318.28145448161
3318.28145448162
3324.99611518499
3324.996115185
3341.88349079082
3346.73018900796
3346.73018900796
3374.77398674474
3378.13709917619
3378.1370991762
3380.16289618665
3381.43663521736
3381.43663521736
3383.52316878074
3386.66904714955
3386.66904714955
3391.66613749118
3407.2620731237
3407.26207312371
3414.84579420389
3414.84579420389
3423.00334191759
3447.58743371006
3447.58743371006
3456.514152375
3473.67433229441
3473.67433229441
3477.70913581709
3477.70913581709
3479.57409848534
3481.56949290551
3483.60011418607
3488.03705792159
3488.03705792159
3489.68716057652
3489.68716057652
3493.10381147512
3512.25803495508
3512.25803495508
3516.2340759188
3521.19769262459
3521.19769262459
3532.05336180207
3537.48751832446
3572.60956136856
3572.60956136856
3576.21782207358
3578.49566040487
3578.49566040487
3591.99997396151
3591.99997396152
3597.18305744293
3598.96485661048
3611.47284080489
3624.28695731853
3624.28695731853
3632.60528324272
3632.60528324272
3641.11793559983
3641.11793559983
3642.90409456346
3646.9240927335
3648.53291709781
3648.53291709781
3660.82310940202
3660.82310940202
3661.58999563068
3686.60058503059
3686.60058503059
3688.95817519367
3690.28598857216
3690.28598857216
3696.79370818256
3702.76800151339
3706.04452462051
3719.6318327862
3719.6318327862
3728.45755377431
3728.45755377432
3737.3900557324
3742.49907281989
3742.49907281989
3745.15869564446
3745.15869564446
3748.39464493998
3779.67311386585
3784.04482382202
3784.04482382202
3786.57576042246
3790.53338675146
3790.53338675147
3796.91929625127
3796.91929625127
3807.93193377626
3807.93193377627
3814.49176620517
3821.34278858499
3827.66596732601
3827.66596732601
3831.71257031906
3838.60660347719
3838.60660347719
3874.99239104677
3886.02261306406
3886.02261306406
3901.30269562184
3901.30269562184
3902.07704154481
3902.07704154481
3904.7558446581
3909.18766639507
3911.93580289466
3927.99577972223
3927.99577972223
3945.36623592728
3956.35117324224
3975.62898122369
3995.45122025028
3995.45122025028
4000.43159150849
4000.86433344181
4000.86433344182
4004.2669296868
4005.43734677092
4005.43734677093
4005.97009718763
4005.97009718763
4035.66395243559
4035.66395243559
4035.88137321827
4042.36234393817
4042.36234393818
4088.18611137819
4109.40348181078
4122.28170939164
4122.28170939165
4145.79470928357
4145.79470928357
4152.25935998593
4182.66553504419
4182.6655350442
4190.85130162262
4209.22836155735
4209.22836155735
4235.87760689996
4255.02602805577
4268.00581678612
4283.38734837032
4283.38734837032
4292.54127130369
4292.54127130369
4320.12543974285
4323.9804333546
4323.9804333546
4324.79515956012
4330.17321849345
4330.17321849345
4349.22843436084
4354.49784290028
4361.73772211131
4361.778809529
4378.24006828762
4378.24006828762
4382.54987875804
4382.54987875804
4404.84802770492
4404.84802770492
4407.62976405661
4407.62976405662
4414.40936121162
4417.16989173609
4417.16989173609
4425.24834040851
4426.28617657442
4426.28617657442
4427.6462648892
4427.64626488921
4431.14087535774
4431.14087535774
4431.9019357471
4432.48507581368
4446.19110274802
4446.19110274802
4447.01373134322
4447.01373134323
4456.94572943022
4470.68199313914
4491.62020809443
4491.62020809443
4492.8417844351
4492.8417844351
4497.34971222857
4498.91734030848
4525.90468956821
4525.90468956821
4549.04001348404
4549.04001348404
4558.51659346369
4575.81218563246
4588.60481601933
4588.60481601933
4590.43545437577
4609.53651013363
4609.53651013363
4612.73637088186
4629.03194366942
4645.86080153907
4645.86080153907
4680.95398252185
4680.95398252185
4697.05817578764
4697.72413753008
4721.17280804427
4740.77309363477
4740.77309363477
4740.81880380128
4740.81880380128
4800.48960915986
4800.68322924598
4800.68322924598
4802.7650671663
4802.7650671663
4803.82886403745
4920.467119882
4920.467119882
4920.99507562708
4920.99507562709
4942.43955887274
4942.8206286097
4996.70034891369
4997.88614812516
5076.01358542023
5078.83063193191
5078.83063193191
5085.89752507577
5085.89752507577
5090.36546977712
5100.77520034971
5100.77520034972
5101.01844600825
5101.01844600826
5109.3805713585
5109.90583654969
5210.8579536311
5210.85795363111
5210.87433245456
5210.87433245457
5411.76560958587
5411.91209069011
5411.91209069012
5412.05697849561
5412.0629118227
5412.06291182271
5507.45055867988
5507.49405226098
5513.9389117431
5513.9389117431
5513.94507132935
5513.94507132936
5625.68751508719
5625.69359007566
5714.21337726039
5714.21337726039
5716.07639236568
5716.07639236569
5723.81142630416
5732.27661351816
5732.27661351817
5747.76392527234
5747.76392527234
5757.28811997039
5763.80275608899
5763.8299656723
5844.66456440112
5851.46746894683
5851.46746894684
5862.8864872518
5862.8864872518
5868.12489668387
5958.77736247511
5959.83284407109
5969.09916038908
5969.09916038908
5969.68220692569
5969.68220692569
6000.57883622992
6000.57883622992
6001.47609990883
6001.47609990883
6013.17457992011
6014.47135022466
6358.28219282287
6360.45227893796
6366.91401706413
6366.91401706413
6368.62244907603
6368.62244907603
6402.40786526951
6402.40786526951
6404.83372355654
6404.83372355655
6428.08667910303
6428.3332670014
6692.56156569919
6692.96204401797
6692.96204401797
6693.48960219405
6693.48960219405
6693.56619982942
7095.34669907361
7096.82635089463
7096.82635089465
7100.02928462755
7100.02928462755
7102.34813414721
7148.15607625017
7148.15607625019
7148.63607003049
7148.63607003051
7158.6600750743
7164.47670254209
7244.72026447784
7245.92764871995
7245.92764871997
7248.03006663018
7248.03006663018
7249.35591342661
7367.09799019923
7368.0335957143
7368.0335957143
7370.91481112764
7370.91481112765
7376.25286739268
7703.2738859634
7703.46839940379
7703.4683994038
7703.82521102877
7703.82521102877
7703.99224813925
7780.29350791785
7780.29350791785
7780.94044005331
7781.42626517324
7781.42626517324
7784.22584274395
7988.22987978972
7988.22987978972
7988.28511418193
7988.28511418193
8085.46164039103
8085.46164039103
8087.93385546572
8087.93385546573
8093.03536159161
8098.79634166922
8637.59498888954
8640.90653953573
8640.90653953573
8648.38192510892
8648.38192510892
8653.09668359891
8789.22897738263
8810.78541352687
8810.78541352688
8869.92271423625
8869.92271423626
8954.0009611432
8955.3416571953
8971.05018300897
8994.68979320142
8994.68979320142
8997.22600373402
8997.22600373402
9137.70817776573
9138.22576115837
9214.53686638873
9214.53686638874
9219.30416148525
9219.30416148526
9284.51552243733
9288.0519222946
9288.05192229461
9293.5743133875
9293.5743133875
9294.75555416348
9302.71102226476
9303.71451458166
9406.90381670952
9410.61892425587
9410.61892425587
9417.62909567918
9417.62909567918
9423.3360266346
9448.80778789205
9450.30224609225
9468.69119367495
9468.69119367496
9469.27555133638
9469.27555133639
9664.47687515511
9665.77082824057
9665.77082824057
9671.17632255621
9671.17632255621
9675.89147551702
9702.6787975464
9702.67879754641
9703.77607069918
9703.77607069918
9782.08465505863
9783.10059982259
9857.19712871937
9857.19712871938
9857.37600591753
9857.93330998286
9857.93330998286
9860.84811404427
10375.9205485178
10375.9397167434
10376.0575632048
10376.0575632048
10376.0685737993
10376.0685737993
10400.4520571839
10403.1887569221
10403.6128786445
10403.6128786445
10407.1578127945
10407.1578127945
10416.1191817459
10416.1191817459
10426.5461245641
10431.5242021634
10431.5242021634
10481.466952144
10638.5381597285
10640.2084649979
10640.2084649979
10642.6987548679
10642.6987548679
10643.7525292433
10808.7028916134
10808.7028916134
10808.871918741
10808.871918741
10813.1386261709
10813.211278831
10860.2800488914
10861.3757388899
10861.3757388899
10865.4245083931
10865.4245083931
10871.3776594145
11091.6261133267
11092.3528332881
11092.3528332881
11093.095508989
11093.6682851964
11093.6682851964
11095.6964194714
11095.6964194714
11096.1990533516
11097.9623797136
11097.9623797136
11099.712741606
11325.4017839868
11325.898191293
11328.0503595686
11328.0503595686
11328.2616787773
11328.2616787773
11339.8594993969
11348.3020057966
11348.3020057966
11365.8500240182
11365.8500240182
11375.6463888968
11497.0524247153
11513.1399021113
11513.1399021113
11576.0567356913
11576.0567356913
11663.2610836962
11663.2610836962
11663.325130997
11663.325130997
11687.9353210867
11689.4968510592
11697.0332896422
11987.3646152348
11987.3646152348
11987.4804017529
11987.4804017529
11988.4427987968
11990.1704145363
12314.3920801585
12314.3920801585
12315.3471621838
12315.3471621838
12315.6074316661
12319.6424155475
13665.4214285932
13665.5374487731
13667.1770885879
13667.1770885879
13667.347275507
13667.347275507
13698.8679874611
13698.8679874611
13700.4466854846
13700.4466854846
13715.744987555
13738.5239703887
15974.9789534936
15974.9789534936
15975.1309844149
15975.1309844149
16057.4039099253
16058.8223488989
17464.8388967927
17466.462751027
17466.462751027
17469.4452576582
17469.4452576582
17471.8898221655
17507.4658128087
17512.7697167139
17512.7697167139
17529.6920150315
17529.6920150316
17571.4675898168
19600.0337344768
19600.033734477
19600.1055145978
19600.1055145979
19602.2126451397
19603.7519953696
21035.8787644155
21036.2317916952
21036.2317916953
21036.6341834068
21036.6341834069
21036.7578337735
21313.7976023317
21323.1729132592
21323.1729132592
21360.604757162
21360.604757162
21449.1896903195
22584.9638510264
22584.967747157
22609.5267039408
22609.5267039409
22609.6452816988
22609.6452816988
22866.6275305631
22866.6275305632
22866.9535582444
22866.9535582445
22918.8889465645
22921.960479996
23128.0667125538
23128.6688393869
23131.0698017112
23131.0698017113
23131.2625226058
23131.2625226058
23160.9024681855
23160.9024681855
23162.6102428638
23162.6102428638
23189.2944060034
23222.5229191909
26519.4442052211
26520.4200697709
26522.3184776573
26522.3184776573
26523.1305030966
26523.1305030966
26540.7713379072
26540.7713379072
26540.8014214383
26540.8014214383
26567.7583632784
26573.722400166
27503.8156967165
27503.8156967165
27504.7087664046
27510.5338849146
27510.5338849148
27534.2676550085
29752.6114522207
29753.3799187337
29753.3799187338
29753.5458012322
29753.8360141872
29753.8360141872
30201.2224697301
30201.2224810535
30202.8188143295
30202.8188143295
30203.9920249436
30203.9920249436
30206.6995425201
30206.6995425202
30207.3179804524
30207.3179804524
30207.8773522232
30208.8610158018
30298.537223548
30298.5372235481
30298.8089345625
30298.8089345626
30359.158754632
30365.431185095
32805.5340268498
32805.5444632063
32807.3029395972
32807.3029395972
32807.4657556006
32807.4657556006
32982.2024401486
32982.2024401486
32982.3402398566
32982.3402398566
33001.1860582857
33012.2904657138
34773.2895924967
34773.3000379829
34776.1162297257
34776.1162297258
34776.4930467172
34776.4930467172
35541.821945397
35541.821945397
35542.8192797546
35542.8192797546
35546.2030677955
35554.3621490552
46587.791796275
46590.3175880592
46590.3175880596
46597.4810168665
46597.4810168668
46603.8382387033
46653.0367932835
46676.5497832229
46676.5497832233
46745.9627949254
46745.9627949257
46890.1655078923
53154.4571956691
53154.4571956691
53154.4608074417
53154.4608074417
53757.384687469
53760.9346435151
120254.05407412
120254.236223212
120255.048017708
120255.048017709
120255.134245
120255.134245002
120718.022209463
120718.022209465
120723.241516924
120723.241516925
120756.260102141
120812.633808762
156635.582192459
156635.582248765
156643.445100846
156643.445100848
156643.44771006
156643.447710062
157304.16892911
157304.168929112
157304.225354278
157304.22535428
157371.378126779
157388.715841293
