3.23310626221468e-14
2.03207652901309
2.04694223006472
2.04694223006475
6.3106964394433
6.31069643944331
6.5571902719153
6.67995900203045
6.67995900203046
13.123341423365
13.1686316063228
14.1815536236434
14.1815536236434
14.5756779942256
14.7490979459385
14.7490979459385
22.9778096391352
22.9778096391352
24.9286599382088
26.3565569990933
27.0922452592934
27.0922452592934
27.8809120235008
27.8809120235008
28.024581691947
35.8608279617217
35.8608279617218
40.7391896201444
40.7391896201444
40.7839536893906
44.3232543784016
44.7262348885388
44.7262348885388
51.0787855143498
51.0787855143498
51.2697718010199
53.0367199797494
54.0951706252714
54.0951706252714
57.5783949404005
66.584786268697
67.5117578346462
67.5117578346462
72.3700124436639
74.4412163904271
74.4412163904271
75.8143259189962
75.8143259189962
82.057990348036
82.3911502980946
83.1545499719613
83.1545499719614
89.83526673564
89.83526673564
91.2932194030035
97.0160959130485
104.27383204271
104.27383204271
106.330259157781
106.330259157781
114.133237078193
114.380260786038
115.159380823157
115.159380823157
122.373423292547
123.641021263493
123.641021263493
138.303828326211
175.608310841868
192.423954362108
196.680133664033
196.680133664033
198.268427827425
198.268427827425
225.614686413854
227.732313396222
228.172704461023
228.172704461023
232.734998510133
232.734998510134
237.372261166225
250.803349558188
250.803349558188
261.996639756437
261.996639756437
290.388813350563
342.035146698059
342.03514669806
355.681826909004
355.681826909004
388.266709754803
388.517971983652
537.396978590564
537.396978590565
537.540724816199
537.540724816199
547.101735025557
562.509322699312
1000.3600238783
1000.38083099348
