1.87059112279837e-12
2.00195206953197
2.00282694001954
2.00282694002105
6.01901736402435
6.01901736402573
6.03444445350247
6.037846639976
6.03784663997772
12.0704513862261
12.0717020646843
12.131822873924
12.1318228739254
12.1464838840732
12.1464838840734
12.1632822705799
20.1942195841097
20.1942195841114
20.3271445863279
20.3384422080402
20.3797588978979
20.3797588978981
20.469352272038
20.4701089490519
20.4701089490522
30.4328490157727
30.4328490157731
30.6881144715615
30.6881144715622
30.792521643417
30.8029064150094
31.013884401227
31.0138844012287
31.0666977095762
31.0666977095771
31.1260768765656
42.8095440599273
42.88621727486
43.2687276437009
43.2687276437021
43.455273386819
43.455273386819
43.8292167450043
43.9051220851785
44.016300271293
44.016300271295
44.1937564049885
44.2282547954549
44.2282547954559
57.507465642359
57.5074656423594
58.1463804988503
58.1591755391543
58.4400712536127
58.4400712536137
59.1173260928181
59.1173260928185
59.3901165716379
59.4190316514417
59.840649930639
59.8406499306409
59.9174347139022
59.9174347139026
60.0906239198928
74.4889742721051
74.4889742721064
75.4395581737343
75.4395581737349
75.7367406029443
75.9851681188857
76.8214346557995
76.8214346557996
77.3801178523635
77.380117852364
78.0039823354917
78.1217221416563
78.3495389643209
78.349538964322
78.6974180520486
78.6974180520489
78.7492713812348
93.8078774984365
93.9439683683042
95.208867933098
95.2088679330985
95.8152190974961
95.8152190974965
97.0971157318582
97.1161279500333
97.9658184265239
97.9658184265241
99.0341995516845
99.0341995516854
99.5369905503367
99.7110056685734
100.139987643979
100.139987643979
100.597517678696
100.613735728623
100.613735728623
115.757096670547
115.757096670547
117.594798470046
117.625225041294
118.272440139259
118.272440139259
120.119254938693
120.119254938694
121.246161031361
121.428965642286
122.751526653578
122.751526653578
123.942298370996
123.942298370996
124.466122140896
124.743154008275
125.424900332937
125.424900332937
125.862789240699
125.8627892407
126.221946346468
140.227718429975
140.227718429975
142.757600861991
142.757600861991
143.352167569554
143.86005193104
145.75593692411
145.755936924111
147.512106214588
147.512106214589
149.276459097184
149.831530165219
150.989449791009
150.989449791009
152.419623582359
152.419623582359
153.58231133298
153.922176483815
153.922176483815
153.936122152541
154.805579622741
155.575644842771
155.575644842771
166.669847650157
168.137346339762
170.67229127365
170.67229127365
171.770104188172
171.770104188173
174.366115897781
174.368161794216
176.54884319532
176.548843195321
179.528433420113
179.528433420114
180.429384853516
182.244830492487
182.993810206152
182.993810206152
185.390400782042
185.418487980388
185.418487980389
186.594086233122
187.110548081344
187.110548081344
188.600289818527
188.600289818527
188.950607988698
197.055858494752
197.055858494753
201.641245550805
201.783564003615
203.080548589311
203.080548589311
206.079269203398
206.079269203398
207.98733058874
208.488186384585
212.744313098141
212.744313098141
213.958895140301
213.958895140301
217.214500468809
217.806647971711
219.974108616294
219.974108616295
221.557425926441
221.557425926442
223.088983436847
224.414460247877
224.632441037378
224.632441037379
226.75966808217
226.759668082171
226.848686213751
229.977781516034
229.977781516034
234.326477868023
235.986642520929
235.986642520929
239.513224139625
240.284631208405
240.284631208406
244.259372932767
244.259372932767
248.522858066272
249.817574086687
250.303845215447
250.303845215447
253.741455472887
255.002043042061
255.002043042062
259.485595421576
259.485595421577
262.385616387068
262.476567346267
263.056337522593
263.056337522593
264.452007066682
268.492697873244
268.492697873244
268.773319486715
269.38511479678
270.211555145538
270.585104442062
270.585104442063
272.725158171049
272.725158171049
274.487612741527
274.487612741528
278.858852474402
279.798841234857
281.651801254118
281.651801254118
289.020717524803
289.020717524803
289.276134667357
293.947459109739
296.399162517402
296.399162517402
297.021872384827
297.021872384827
302.451240322018
303.388093554018
306.52516155746
306.52516155746
307.684573978647
307.684573978647
308.893809719258
309.013451242803
309.013451242803
314.269789943066
314.493563418242
315.606366854919
315.60636685492
317.95421369026
317.95421369026
318.66125457243
319.429754022128
319.721322529449
319.77092821761
319.770928217611
319.87699710462
319.87699710462
327.584784889829
331.770231588664
331.770231588665
336.858026245764
336.858026245764
338.804623044129
343.212115449782
343.212115449782
343.669621558878
346.173160897064
349.691209207172
349.691209207172
350.544360487655
350.544360487656
356.420069662595
356.420069662595
357.379474481385
358.279614480161
358.279614480161
358.335401470299
360.310048742144
362.046904072714
362.513250603275
362.513250603276
365.044161432219
365.044161432219
370.361911308157
370.361911308157
372.650477416201
372.662781319803
372.662781319803
373.346885658249
376.309939682598
377.013387083168
377.013387083168
381.905890369493
382.818457790093
382.818457790093
389.779569310908
389.779569310909
391.985645356824
393.244186423451
396.339169958183
398.980410892302
398.980410892302
400.840612407935
405.137195176745
405.137195176745
407.005458248468
407.005458248468
407.269056365753
408.305454188711
408.305454188711
409.635231685928
412.934235597473
413.347748273765
413.347748273765
413.523885289621
413.523885289621
415.9267595964
420.434348284721
420.434348284722
424.419481293551
432.483046196031
432.483046196031
433.167307290296
433.194216089741
434.408780073548
434.408780073549
439.353264943552
439.851659604188
439.851659604188
440.12699730682
440.126997306821
445.500268467923
448.564529289491
448.564529289491
450.431866028233
450.593790345178
450.593790345179
459.799166892755
460.195779362989
460.195779362991
460.397522365465
463.705132017937
464.843088916069
464.84308891607
468.7987924034
468.7987924034
469.086245064332
469.086245064332
469.684328308258
472.371677433494
476.010694935199
478.141159499514
478.141159499514
479.111887403044
481.734177377846
481.734177377847
482.582854423293
483.405661258683
483.405661258684
489.009715849386
490.235959702283
490.235959702283
493.467465658138
494.96835750991
494.96835750991
495.868458429278
500.431963879717
500.431963879717
503.217500901924
503.605517976485
503.605517976485
503.90571939932
503.90571939932
511.455625773418
512.787940673683
514.880567807309
514.880567807309
514.941989848893
514.941989848893
522.889496841227
525.966833520754
525.966833520754
526.24655180988
526.24655180988
527.267873407992
527.267873407992
528.099408288628
534.144099656219
536.119219575695
540.631656343948
540.631656343948
542.422290617724
543.483096193807
543.583861252362
543.583861252363
552.061156520456
552.061156520456
553.077175978756
553.766847832468
553.766847832469
557.882478116894
560.310023891653
563.378332103713
563.378332103714
570.860400548194
571.066314571663
571.066314571664
572.683886280165
572.88574534119
572.88574534119
573.247625686156
573.247625686156
576.450085788703
581.626503157801
581.626503157801
583.934086633035
586.811295057118
587.695046680309
587.695046680309
588.846447021482
591.227007484459
591.227007484461
595.478159901976
596.152593182001
596.152593182002
604.234953988816
604.234953988817
604.646752844387
605.734403950767
606.051183184437
606.051183184438
607.103197250498
607.103197250498
609.042767293201
613.633285989247
614.336520672001
614.336520672002
621.45812903708
623.482056577038
623.482056577038
626.163246254709
626.16324625471
630.972722351422
630.972722351423
633.605290987474
634.278043056575
634.278043056576
638.60095408163
643.92597834164
643.92597834164
644.321139243486
646.745322148766
646.808747129616
647.405599357471
647.405599357471
648.133086968516
649.780644927114
649.780644927114
651.65188155419
652.141691982529
652.229097404577
652.229097404579
653.476894701619
653.476894701619
654.191878431777
654.366556998414
654.366556998414
659.622581611558
659.622581611558
662.977540599637
663.581072464513
665.761680622906
665.761680622907
672.932716214973
678.494969172
678.494969172001
678.589433969441
678.589433969441
684.538395746394
692.269868022807
692.349083289473
692.349083289473
692.409050865158
692.409050865158
692.897754005326
694.608705862194
700.486768843767
700.486768843767
702.035823606635
702.382178971871
702.382178971871
703.582847181392
704.198576689435
704.198576689435
708.087210498172
708.087210498172
713.043682915461
713.043682915462
714.198195042584
714.198195042584
714.503671785308
715.670995059318
715.733523566257
720.434412254945
720.434412254945
722.725237908202
722.725237908203
726.737728097095
729.124773646014
729.124773646014
729.271537738528
729.271537738528
730.240613744105
741.5822258079
752.3312620717
752.3312620717
752.880058329974
753.645313264577
762.092959334005
767.685974422292
767.685974422292
768.953531264387
768.953531264388
769.574891484296
769.574891484296
775.004001116369
775.004001116369
775.881722500087
776.260286199361
776.543618306934
776.971415847843
779.477702029008
779.477702029008
788.33493458405
788.33493458405
788.528046554893
788.528046554893
790.254545364382
791.505115571444
793.887125521101
796.749019828588
796.749019828588
802.911788443821
803.753017244407
803.753017244408
810.562456067624
813.525141404422
813.525141404423
826.247052839292
826.247052839292
827.003017948359
828.65506579683
828.655065796831
832.461117066005
832.461117066005
834.793618310853
835.713485570671
835.713485570671
839.305219309281
839.531471465477
848.120711599388
851.829022545567
851.829022545567
854.041624077469
857.058813470572
857.058813470572
857.437007839498
860.464145207293
860.464145207293
864.337137274016
864.337137274016
866.983682269105
866.983682269105
868.170350139413
868.854891996163
869.139000929454
869.139000929455
869.190052060294
875.697977628455
875.697977628455
878.955458868006
879.578964240784
879.578964240785
880.235270652292
887.208411700355
888.861678073423
890.687989805578
890.687989805579
897.967996335262
897.967996335263
906.302317366683
906.302317366684
916.223807027005
917.889422294514
920.606116824168
920.606116824168
922.732060656259
922.73206065626
927.394414840856
930.083637390509
930.083637390509
936.133835168387
938.123999222943
938.123999222944
945.650756500748
948.896509158754
948.896509158754
949.814798137552
951.909433800015
951.909433800015
962.216761736252
962.216761736253
967.231421811003
967.231421811004
974.061697298727
977.353942720695
977.353942720697
977.718585343462
977.718585343464
978.735383378414
982.034357029024
984.567429233508
985.799118246614
985.799118246614
990.310462126174
991.900124496253
991.900124496254
992.31939933229
998.728486013031
998.728486013032
999.100753301863
999.791479003586
1008.39189666832
1012.25660501557
1012.25660501557
1013.57763239609
1013.57763239609
1019.24956198614
1019.74519298549
1019.74519298549
1022.45319167816
1023.18844267718
1026.39757318188
1027.15386343218
1027.15386343218
1027.26655752031
1027.26655752031
1033.18269285531
1033.18269285531
1035.12145602723
1035.12145602723
1041.3831239704
1043.0889557416
1047.80660840808
1048.90658032812
1052.90819227987
1052.90819227987
1054.06899621346
1054.06899621346
1063.56371113968
1063.70526010849
1067.38864290143
1067.38864290143
1070.81764011328
1077.66362786239
1079.13650847573
1079.13650847573
1082.44010728063
1082.44010728063
1092.8217104992
1092.8217104992
1095.61691768354
1095.61691768354
1101.40557449914
1104.25937610973
1111.6229566747
1111.6229566747
1114.56292814828
1114.56292814828
1123.53494350127
1123.53494350127
1124.09404371094
1132.48287470595
1132.48287470595
1134.71924318485
1134.71924318485
1138.47628276615
1139.3182853991
1139.3182853991
1139.69871034929
1139.85196646065
1139.85196646066
1140.20670003083
1143.25420815116
1159.9990742963
1166.06846845911
1166.06846845911
1170.46743023944
1174.02860149995
1174.02860149995
1174.83338107843
1174.83338107843
1174.8339476711
1174.8339476711
1175.44355470836
1175.70761196921
1176.15368991395
1177.23610495783
1178.67234556976
1178.67234556976
1180.76409828086
1180.76409828086
1189.80719517732
1191.53269541822
1193.18588396787
1193.18588396787
1195.62674329156
1195.62674329156
1198.96200663855
1203.32612082343
1203.32612082343
1212.33509536293
1212.39600237104
1212.39600237104
1216.66880099791
1218.88665654332
1227.03368919175
1227.03368919175
1227.84530033862
1228.99359483526
1228.99359483526
1237.56911389909
1237.86999707088
1237.86999707088
1241.4945270604
1243.5803595091
1245.17180812297
1245.17180812297
1253.00643196741
1255.69869241107
1261.71947367139
1261.71947367139
1263.30314928594
1263.30314928594
1276.23144553781
1280.48879819654
1280.8869778331
1280.8869778331
1281.77218192061
1281.77218192061
1287.80333299995
1287.80333299995
1292.43337444644
1292.43337444644
1293.74488770327
1294.75823583298
1302.48821166986
1305.07027767944
1306.21730106427
1306.21730106427
1306.3197517149
1306.3197517149
1313.5190838709
1313.5190838709
1317.94367845065
1317.94367845065
1325.52428947851
1326.31512567383
1326.31512567383
1327.81218842419
1328.46074991732
1328.46074991732
1338.33692144036
1338.33692144036
1341.41090596357
1341.41090596357
1347.54409303122
1350.70447119813
1351.8234350897
1352.34992258284
1352.34992258284
1352.95728616673
1352.95728616674
1355.45672826068
1362.93284216566
1372.85241651631
1372.85241651632
1383.1672500865
1383.1672500865
1387.8307861857
1388.57131265128
1390.35239792274
1390.35239792274
1393.96869676086
1398.19126471046
1398.19126471046
1405.09367925383
1405.35175776962
1406.78145667543
1406.78145667543
1407.87325387459
1407.87325387459
1408.94536267554
1411.41322338312
1411.41322338312
1412.81103543525
1418.18390812755
1418.18390812755
1418.68947246044
1418.76678003314
1418.76678003314
1422.35205798461
1422.35205798462
1423.33828499735
1425.59185264722
1429.33584136644
1429.77704265413
1429.77704265413
1432.24325182279
1432.24325182279
1436.25321054389
1438.55426563059
1438.55426563059
1446.68254566994
1446.68254566994
1454.72737028924
1454.72737028924
1457.3443473997
1457.860730695
1457.860730695
1460.62451029649
1463.67054177017
1463.67054177017
1466.05373998696
1469.05182679745
1469.05182679745
1480.9810133161
1483.71006492917
1489.85447969096
1494.0881393229
1494.0881393229
1495.73804957965
1495.73804957965
1496.03193466276
1501.60526605179
1501.60526605179
1507.91201481463
1507.91201481463
1513.42749658222
1517.98002957847
1518.22228155474
1520.28567258645
1533.6291358295
1533.6291358295
1534.73202554945
1534.73202554945
1545.01791517975
1546.32953894797
1569.94243944037
1569.94243944037
1570.2522312081
1570.47237318881
1570.47237318881
1572.66178873323
1572.67050665237
1574.47801762938
1590.61901547896
1590.61901547896
1594.1219539789
1594.1219539789
1607.21310017494
1610.50445061012
1619.78087464518
1619.78087464518
1620.12059865925
1620.12059865925
1658.29664073543
1658.29664073543
1660.06689910583
1661.45452908719
1661.45452908719
1669.66258135726
1669.66258135726
1673.25137919668
1677.08880356206
1677.08880356206
1684.77859967359
1685.14337910653
1685.14337910653
1685.75210674694
1685.75210674694
1687.91457276292
1707.74360208441
1708.20855086686
1712.93163874618
1717.69803807837
1721.15440071078
1721.15440071079
1726.06316790008
1726.06316790008
1732.11268807198
1735.71000081067
1735.71000081067
1737.31684247328
1740.21124801105
1740.21124801105
1740.30000940211
1754.57582688096
1754.57582688096
1784.58808595736
1784.58808595736
1790.95258321529
1798.76512468505
1798.76512468505
1799.41137178822
1799.41137178822
1806.83420492685
1807.00563083406
1816.3341779464
1816.3341779464
1824.19087643371
1824.19087643371
1841.42158404503
1841.42158404503
1841.76505773386
1841.76505773386
1886.70606805013
1895.74094798978
1895.74094798978
1911.73587839849
1913.45653842648
1913.45653842648
1924.65361093726
1942.80844502632
1942.80844502632
1944.45173869666
1947.49261920988
1947.49261920988
1953.56438269228
1957.11736376107
1959.2130700826
1959.47374728207
1959.47374728207
1959.96523177993
1959.96523177993
1966.70748885092
1969.60865022028
1969.60865022028
1970.0117412494
1970.3113086663
1970.3113086663
1975.3131956976
1988.71277232536
1993.33471060203
1993.33471060203
1999.58267556414
2000.16751402161
2003.13217924424
2003.13217924424
2003.22016815792
2004.89445148786
2004.89445148786
2007.55206242756
2007.55206242756
2012.78845651
2020.48462184636
2029.1111375162
2039.86792079973
2039.86792079973
2065.124089088
2065.124089088
2089.73472001683
2093.16880194751
2125.87546146464
2125.87546146464
2155.86146799977
2176.73889075357
2179.34558439447
2179.34558439447
2187.63038972952
2187.63038972953
2190.25758651765
2190.25758651766
2260.31905133651
2263.14266158238
2264.41887152392
2264.41887152392
2267.48859375679
2267.48859375679
2269.29619819119
2275.73337572767
2279.15121908428
2282.80836801236
2282.80836801236
2289.4025695735
2289.4025695735
2327.86544009255
2358.09542255204
2358.09542255204
2378.01772194069
2383.64601390508
2383.64601390508
2384.00223269052
2397.28823486987
2397.28823486987
2404.25618281005
2404.25618281005
2408.22714744137
2408.90574831733
2411.80015565363
2411.80015565363
2436.35269144472
2436.35269144472
2443.92398641115
2460.0142069132
2470.65683439854
2470.65683439854
2486.76337707224
2492.68651697503
2492.68651697503
2511.14465749715
2557.31851778107
2557.31851778107
2557.33963136309
2557.41399715474
2557.41399715474
2566.21419275891
2568.17503925418
2568.17503925418
2569.00999702758
2585.92628116353
2585.92628116353
2590.74658537269
2592.48694148324
2592.48694148325
2595.92107930399
2595.92107930399
2610.60386817326
2615.37133293156
2621.50224453429
2627.73143997829
2627.73143997829
2631.68163365054
2631.68163365054
2631.82172414078
2633.4600606186
2635.02392524913
2636.9833883635
2636.9833883635
2640.97313874225
2640.97313874225
2643.01630383757
2643.01630383757
2644.92552577979
2645.21342471268
2649.42184084637
2649.42184084637
2656.23395424219
2687.44335388434
2687.44335388434
2709.88880331396
2709.88880331396
2716.4041678433
2720.05251576489
2720.05251576489
2721.73370688563
2721.9537833185
2721.95378331851
2726.12849284799
2728.91188356862
2728.91188356862
2729.79677591886
2729.79677591886
2736.81536117646
2741.89686286454
2743.98346994414
2758.10223298517
2758.10223298517
2762.70086174859
2762.70086174859
2773.7592750448
2817.23692277264
2818.33152687403
2818.33152687404
2823.08057801353
2823.08057801353
2824.31193339847
2827.55631216018
2833.3350187294
2833.33501872941
2834.68362176229
2835.03576291796
2835.03576291797
2840.78607081594
2840.78607081594
2845.21853357281
2845.21853357281
2852.20744183201
2864.89652851718
2886.5021830719
2895.76229598161
2895.76229598161
2905.22951951716
2905.22951951716
2911.7865441768
2923.78104054222
2923.78104054222
2931.28591837104
2934.39091908716
2934.39091908716
2937.90975006666
2942.20518781701
2942.20518781701
2956.58096728407
2956.58096728407
2983.78322092925
2988.5868029527
2988.5868029527
2989.76637034303
2989.76637034303
2999.74889446208
3014.89954069136
3020.17967587013
3020.17967587013
3020.42974574319
3024.41098810235
3024.41098810235
3038.46192510461
3055.10054238254
3055.10054238255
3056.03847132024
3056.03847132024
3073.999678228
3074.13592872631
3075.57537511502
3081.4328704387
3083.59662893275
3083.59662893275
3086.66106562859
3086.66106562859
3091.69210357427
3093.09568938058
3117.25233869509
3117.25233869509
3136.0031350421
3141.52482298481
3141.52482298482
3155.40212019509
3159.47169156456
3159.47169156456
3178.60751563572
3178.60751563573
3180.71249792732
3180.71249792732
3188.10074382176
3189.18229979571
3189.5182191474
3189.5182191474
3190.4545544091
3208.12053325578
3208.12053325578
3214.99525495209
3220.0750634186
3220.0750634186
3226.49429359361
3226.49429359361
3227.68456742447
3231.03970263082
3231.03970263082
3233.6511250092
3273.04795870169
3278.22535589636
3278.22535589636
3286.73792252335
3289.05761873208
3308.39501711605
3308.39501711605
3325.27831157016
3325.27831157017
3341.17681018428
3341.17681018428
3347.38747128693
3365.69976708771
3365.69976708771
3368.52324669757
3368.52324669757
3370.7939251948
3374.22779753988
3377.56562633745
3377.56562633746
3381.59716786135
3389.01106637305
3409.68230505863
3409.68230505863
3435.27012782693
3435.27012782693
3435.31375638773
3453.2062747737
3453.2062747737
3456.16569134434
3458.4230661224
3463.20694423843
3471.30169209365
3471.30169209365
3471.63355366027
3471.63355366027
3477.13799577803
3486.28704980969
3486.28704980969
3491.87399304753
3499.03268401941
3499.03268401941
3508.91562843085
3508.91562843085
3516.87448323874
3521.17242905075
3521.17242905075
3532.3294191121
3559.90362544836
3587.51935575298
3587.51935575298
3591.50167394612
3605.04334087964
3605.04334087964
3612.76727770576
3612.76727770576
3615.27739882557
3620.26170576288
3626.0685185174
3626.06851851741
3626.95459275011
3627.16288045952
3640.33808161923
3640.33808161923
3641.09313149709
3641.09313149709
3649.76114890749
3653.75828879927
3653.75828879927
3661.69170003711
3664.26877412057
3664.26877412057
3668.6225491997
3672.41300789766
3672.41300789766
3692.93559361736
3692.93559361736
3704.12942102118
3708.67333864557
3711.41523059587
3724.18874445518
3724.18874445518
3725.45740786797
3725.45740786797
3750.86008419717
3752.91125997024
3752.91125997024
3759.92260482563
3759.92260482563
3769.8062037935
3771.76094678817
3772.41957235816
3772.41957235816
3774.25689898504
3774.25689898504
3779.13462866092
3785.90908123273
3795.08358938384
3795.08358938385
3797.75431419782
3804.09997886742
3805.02815072419
3805.02815072419
3827.05351572043
3827.05351572043
3844.11144777624
3844.11144777624
3863.52218883049
3863.52218883049
3883.60906829692
3890.1987929247
3890.39591599243
3902.04724302293
3902.04724302293
3906.33496010033
3907.23471669951
3907.23471669952
3925.04050270585
3925.04050270585
3927.04666804604
3951.44347874491
3969.11897456851
3997.3286286959
3997.3286286959
4002.35822347191
4002.35822347191
4014.32183172215
4018.53963517902
4018.53963517902
4021.26437788329
4021.26437788329
4039.02070175982
4039.48860426752
4039.48860426753
4039.96942062875
4039.96942062875
4046.13450189765
4061.39177175838
4064.92546111228
4065.22032011914
4065.22032011914
4091.40187857781
4127.78951104612
4127.78951104613
4145.51422163415
4145.51422163416
4149.02384979623
4216.5369539998
4216.5369539998
4227.68353848036
4228.58605992407
4252.24865538979
4252.24865538979
4267.9345231742
4270.41269209259
4270.4126920926
4282.43199229872
4289.20546369343
4289.20546369343
4291.88142194788
4296.49280356623
4296.49280356624
4331.38100726924
4339.14887507068
4339.93161797919
4347.97471549168
4367.89293068228
4367.89293068228
4377.55085385724
4377.55085385725
4386.57478968797
4386.57478968797
4389.4684351804
4389.4684351804
4430.92023893406
4432.13972688793
4436.94795507882
4436.94795507882
4437.1889473193
4437.1889473193
4451.96735360365
4451.96735360365
4452.97687761929
4452.97687761929
4486.679053403
4498.55584719288
4538.95466313565
4540.44632663309
4540.44632663309
4541.16427248996
4541.16427248996
4546.69035367373
4548.03764670804
4549.125753567
4549.125753567
4560.25788947508
4560.25788947508
4564.10786571609
4568.84172869336
4574.8631388205
4574.8631388205
4583.49960534511
4583.49960534511
4589.15888711139
4604.77978064548
4604.77978064548
4605.14805928175
4605.14805928175
4606.98497797951
4610.28254656915
4610.61394290689
4612.22398208514
4625.63452774616
4628.33756707261
4628.33756707261
4638.53999989328
4638.53999989329
4672.07048054103
4672.07048054104
4721.94330633352
4721.94330633353
4751.5455518118
4811.90560311037
4811.96105718076
4811.96105718077
4813.06822121635
4813.06822121635
4814.22372076368
4921.30234143877
4921.30234143877
4921.63246406279
4921.6324640628
4924.59975234422
4924.8601207108
4992.54345981244
4993.28186794453
5083.09909663233
5087.15449720164
5087.15449720164
5096.85105381781
5096.85105381781
5103.25934247388
5106.99970257808
5106.99970257808
5107.41204640575
5107.41204640575
5120.58954272984
5120.9981647786
5210.92027112941
5210.92027112942
5210.95277358606
5210.95277358606
5278.49151208832
5278.93172419568
5278.93172419568
5279.25223413263
5279.32445966328
5279.32445966328
5503.79527707691
5503.8511882497
5520.21513448438
5520.21513448438
5520.21532544539
5520.21532544539
5624.60768411426
5624.60932240266
5709.07297865978
5709.07297865978
5710.32791793008
5710.32791793008
5767.52294646742
5767.66934858638
5786.6996621818
5788.22871961057
5802.83903013483
5802.83903013483
5803.0545112437
5803.0545112437
5828.18042351241
5828.18042351241
5828.41132483843
5828.41132483844
5841.43495290074
5842.87030139744
6216.10403937017
6221.67863538205
6221.67863538205
6233.53020178573
6233.53020178573
6241.9980727655
6313.22133259674
6318.50825776356
6318.50825776357
6327.64765871314
6327.64765871314
6331.82362507018
6422.36354397768
6424.2472890032
6432.06486181202
6432.06486181202
6433.64009057762
6433.64009057762
6462.30239015573
6462.30239015573
6464.10761860634
6464.10761860634
6486.96712027135
6487.31817536055
7120.03733939654
7120.26841162274
7120.26841162275
7120.41121587091
7120.48126923425
7120.48126923425
7259.20740602456
7262.19608100162
7262.19608100163
7263.91736735652
7265.07304878267
7265.07304878268
7276.45786645451
7276.45786645451
7276.89449708982
7276.89449708982
7300.93249074412
7308.02157192593
7348.29798350376
7350.29882071713
7350.29882071713
7354.19470342772
7354.19470342772
7356.24904565941
7396.23816615108
7396.73455905224
7396.73455905224
7399.89251093972
7399.89251093972
7401.16413818111
7451.07970021708
7451.15608107307
7451.15608107307
7451.53645203521
7451.53645203521
7455.50033004902
7479.49320975363
7479.49320975363
7479.51370595722
7481.8730131076
7481.8730131076
7483.82071089821
7721.6119202169
7723.36495908213
7723.36495908213
7727.60542114797
7727.60542114797
7731.94952528709
8051.173757314
8051.173757314
8051.17994402601
8051.17994402602
8141.84896652651
8157.44717073124
8157.44717073125
8187.39252344165
8187.39252344165
8193.91756521154
8221.46382523485
8222.84065182186
8222.84065182186
8244.85685176631
8244.85685176631
8320.74078969932
8729.48816361174
8734.92542168126
8734.92542168126
8738.33776113773
8739.06031450523
8739.06031450523
8808.14032900406
8808.25035420499
8832.48425506763
8832.48425506764
8832.68105842201
8832.68105842201
8866.47694133513
8868.17497896743
8881.97106908813
8881.97106908813
8883.3671507747
8883.36715077471
9068.69260961863
9068.69260961864
9072.22635045008
9072.85710208812
9072.85710208812
9074.57565367613
9243.94045920076
9244.90984224303
9302.10540619322
9302.30879534089
9322.32234559945
9322.32234559945
9322.41393020291
9322.41393020291
9610.14028820639
9610.14028820639
9610.85140028876
9610.85140028876
9702.2524139769
9702.98786231489
9760.57529769551
9760.96383932928
9760.96383932928
9761.5550524904
9761.5550524904
9761.85907717113
10011.6292979521
10012.523253592
10012.523253592
10014.633884093
10014.633884093
10016.7862427199
10065.8864141644
10069.7021592971
10069.7021592971
10079.1018884711
10079.1018884711
10090.935558668
10132.7407430673
10137.8891278476
10137.8891278476
10156.5551277923
10156.5551277923
10198.2869076595
10339.8983297731
10341.7567518848
10341.7567518848
10345.9040053871
10345.9040053871
10347.4780890342
10357.1002188372
10357.1002188372
10357.4865197885
10369.8817077426
10369.8817077426
10399.9663799297
10901.350360127
10901.6626348699
10902.2059432004
10902.2059432004
10902.2203367809
10902.2203367809
11095.5018131616
11095.5018131616
11096.1404894319
11096.1404894319
11098.6531870648
11099.8583123528
11326.083270451
11326.083270451
11326.2360368223
11326.2360368223
11331.4648480387
11331.5357887831
11345.8375041043
11346.5642108797
11346.5642108797
11347.4664238672
11347.6293485248
11347.6293485248
11358.0786440934
11358.0786440934
11359.5529555952
11366.7959336231
11366.7959336231
11389.5195390302
11602.5077103852
11602.5461770256
11602.6370442424
11602.6370442424
11602.6424644251
11602.6424644251
11792.581462853
11792.581462853
11792.6146676665
11792.6146676665
11817.6817182786
11817.7482062345
11818.0755984744
11818.1182548414
11820.3540941948
11820.3540941948
11820.44288883
11820.44288883
11924.3060115237
11931.5608002856
11931.5608002856
11967.1271362389
11967.1271362389
12053.3530553056
12473.1864805103
12473.1864805103
12473.3784963842
12473.3784963842
12475.1483202355
12477.8293473175
14466.1644527968
14466.2814131396
14467.8795225755
14467.8795225755
14468.0279958612
14468.0279958612
14499.9707127625
14499.9707127625
14501.9696495318
14501.9696495318
14516.2774386413
14540.2279368719
15551.177587904
15551.177587904
15551.3973321496
15551.3973321497
15634.2182336997
15636.3302728722
18668.8139193224
18668.8139193224
18668.8908948002
18668.8908948002
18671.463120677
18672.9174653186
19157.541880759
19158.7580212889
19158.7580212889
19161.0743979666
19161.0743979666
19163.0977286716
19196.2153840054
19200.2922900998
19200.2922900998
19211.9992706248
19211.9992706248
19234.1318214242
19287.22461934
19287.6576960143
19287.6576960143
19288.0530848843
19288.0530848843
19288.1625065541
19565.8669838702
19575.9004443866
19575.9004443866
19615.6204949389
19615.6204949389
19720.8914536079
23318.4209653927
23318.4261456524
23342.6719363613
23342.6719363613
23342.7905589374
23342.7905589374
23578.2703831702
23578.2703831702
23578.6779731163
23578.6779731163
23632.7587531906
23636.5137392363
24034.3408921214
24035.6814056101
24042.5128394027
24042.5128394027
24043.0444301632
24043.0444301632
24068.4551903539
24068.4551903539
24069.4667617766
24069.4667617766
24120.5372529179
24138.6810619923
25251.9475630901
25252.1175843375
25252.1175843375
25252.1688698743
25252.2312219512
25252.2312219513
25268.5496067271
25268.5496067271
25270.4892554491
25270.4892554492
25275.4517012576
25290.2222024534
25503.5274080396
25503.5274080396
25504.3930208758
25509.0275422369
25509.0275422369
25531.4868421804
27669.6068369329
27669.6069813049
27673.1701589905
27673.1701589905
27673.4887279956
27673.4887279956
27685.8695648955
27685.8695648955
27686.0552533228
27686.0552533228
27697.7000413985
27704.5939369505
32068.113002232
32068.8112836717
32068.8112836717
32068.9624689635
32069.2151826182
32069.2151826182
32604.5452596959
32604.5452596959
32604.7077516842
32604.7077516842
32652.8713576347
32654.530972068
34982.5289178845
34982.5356391312
34984.2228358221
34984.2228358221
34984.3745508212
34984.3745508212
35163.1010641192
35163.1010641192
35163.135520833
35163.135520833
35183.6685757273
35194.3072885187
37116.0782439973
37116.0887038343
37118.627849089
37118.627849089
37118.9607754911
37118.9607754912
37888.9970442261
37888.9970442261
37889.9026361985
37889.9026361985
37893.7504722017
37901.5180068723
39861.7232407303
39863.8467446914
39863.8467446915
39869.9000950287
39869.9000950287
39875.183764485
39913.8292226385
39933.214638301
39933.214638301
39989.0257603245
39989.0257603245
40106.4923855671
51399.6622042223
51399.6622042223
51399.6664220283
51399.6664220283
52001.5478856798
52005.0185082727
110827.297948131
110827.41977703
110828.229150883
110828.229150883
110828.33877156
110828.33877156
111290.398108987
111290.398108987
111292.89578559
111292.89578559
111324.838296702
111364.529370026
146112.850725506
146112.850740513
146120.592438525
146120.592438525
146120.594896731
146120.594896731
146797.624480789
146797.624480789
146797.653496522
146797.653496522
146856.165008958
146871.162657018
