-1.2504,-0.38012,0.49018,1.3605,-0.5977,0.055029,0.27261,0.70776,0.92533,1.1429,0.49018,0.055029,0.27261,1.1429,-0.38012,-0.5977,0.27261,0.92533,0.49018,0.055029,0.27261,1.1429,-0.38012,-0.5977,0.27261,0.92533,0.27261,0.49018,0.70776,0.92533,1.1429,0.92533,0.49018,0.70776,0.92533,1.1429,0.92533,-0.38012,0.70776,0.92533,0.27261,0.27261,0.49018,0.70776,0.92533,1.1429,0.92533,-0.38012,0.70776,0.92533,0.27261,0.27261,-0.38012,0.70776,0.92533,0.27261,0.27261,-1.2504,0.70776,0.055029,-0.5977,-0.5977,0.055029,-0.5977,0.055029
1.2363,0.85716,0.48307,-0.12446,0.94675,0.69483,0.5976,0.38178,0.26148,0.087175,0.48307,0.69483,0.5976,0.087175,0.85716,0.94675,0.5976,0.26148,0.48307,0.69483,0.5976,0.087175,0.85716,0.94675,0.5976,0.26148,0.5976,-0.48307,0.26537,-0.062231,-0.27387,-0.062231,-0.48307,0.26537,-0.062231,-0.27387,-0.062231,-0.60823,-0.3276,-0.38595,-0.53537,-0.53537,-0.48307,0.26537,-0.062231,-0.27387,-0.062231,-0.60823,-0.3276,-0.38595,-0.53537,-0.53537,-0.60823,-0.3276,-0.38595,-0.53537,-0.53537,-0.7384,-0.44401,-0.57037,-0.63559,-0.63559,-0.57037,-0.63559,-0.57037
-0.7949,-1.8309,-0.857,0.39745,-1.3605,-0.83465,-1.0736,0.099362,0.026313,-0.035858,0.19023,-0.057565,-0.43882,0.37221,-0.80642,-0.74322,-0.74858,0.14953,0.66677,0.29605,0.17505,0.5579,1.445,0.61328,0.60046,0.42033,0.88931,0.66677,-0.18184,0.18384,0.5579,0.26578,0.19023,0.019135,0.14655,0.37221,0.26578,1.445,0.46079,0.42033,0.88931,0.60046,-0.857,0.46079,0.14655,-0.035858,0.18384,-0.80642,0.019135,0.14953,0.17505,-0.74858,-1.8309,-0.18184,0.026313,-0.43882,-1.0736,-0.7949,0.099362,0.29605,0.61328,-0.74322,-0.057565,-1.3605,-0.83465
-0.81663,-1.7082,0.27513,0.40831,-1.2936,1.2581e-12,-0.34769,0.10208,0.047816,0.41344,-0.87974,-0.85697,-1.0477,-0.036573,1.483,0.62916,0.66472,0.43164,0.60462,0.2445,0.86444,0.54184,-0.99981,-0.86677,-0.82299,0.13301,0.07676,0.60462,-0.15291,0.27299,0.54184,0.18263,-0.87974,0.4731,0.15685,-0.036573,0.18263,-0.99981,-0.013953,0.13301,0.07676,-0.82299,0.27513,-0.013953,0.15685,0.41344,0.27299,1.483,0.4731,0.43164,0.86444,0.66472,-1.7082,-0.15291,0.047816,-1.0477,-0.34769,-0.81663,0.10208,0.2445,-0.86677,0.62916,-0.85697,-1.2936,0
0.48662,-1.115,-0.90315,-0.24331,-0.51656,-0.50179,-0.86762,-0.060827,-0.2225,-0.60622,0.31808,0.34123,-0.17527,-0.033249,-0.49513,-0.14204,-0.67759,-0.17648,0.58507,0.52553,0.16613,0.092017,2.34,1.571,0.88397,0.034013,1.0353,-0.58507,-0.45782,-0.55328,-0.45698,-0.19909,-0.31808,-0.27666,-0.47584,-0.33172,-0.04422,-1.8534,-0.67365,-0.27732,-0.91369,-0.76232,0.90315,0.55199,0.23253,0.24125,0.30997,0.98175,0.155,-0.066831,-0.044473,0.79924,1.6016,0.33617,-0.020812,0.29693,0.98928,0.48662,-0.060827,-0.28222,-0.96274,0.75032,-0.097916,1.1248,0.7451
-0.42564,1.4241,-0.15415,0.21282,0.72301,-0.21282,0.36124,0.053205,0.22794,0.087292,0.85923,0.48672,0.93576,0.56274,-2.2076,-1.4713,-0.75215,-0.041687,-0.70508,-0.59313,-1.0645,-0.17119,0.14505,-0.049795,0.54363,0.13298,-0.34322,0.70508,0.53163,0.26619,0.49042,0.5601,-0.85923,-0.52981,-0.1875,-0.24351,-0.34728,-0.57069,-0.051391,0.07984,0.23681,-0.65004,0.15415,0.1578,0.40031,0.23194,-0.053374,1.7819,0.63622,0.25451,0.95808,0.64574,-1.8497,-0.42522,-0.015118,-1.0422,-0.46765,-0.42564,0.053205,0.38031,-0.48225,0.93924,-0.69954,-1.2551,0
-1.7176,-5.5724,0.87205,0.85881,-3.4422,2.0752e-13,-0.89321,0.2147,1.2222,0.80269,0.30244,-0.28048,-1.3345,0.69911,0.35498,-0.46357,0.80967,0.22525,-1.1745,-1.0077,-0.77599,0.43054,2.641,0.6852,1.0251,-0.15926,-0.11923,-1.1745,-0.1029,0.4253,0.43054,0.41755,0.30244,0.29649,0.44538,0.69911,0.41755,2.641,0.45052,-0.15926,-0.11923,1.0251,0.87205,0.45052,0.44538,0.80269,0.4253,0.35498,0.29649,0.22525,-0.77599,0.80967,-5.5724,-0.1029,1.2222,-1.3345,-0.89321,-1.7176,0.2147,-1.0077,0.6852,-0.46357,-0.28048,-3.4422,0
2.7027,2.6712,0.85271,-1.3513,2.3524,1.0955,1.3777,-0.33783,-0.89766,-0.85844,-1.1816,0.093848,-0.19847,-1.2284,-3.3907,-0.69378,-0.36383,0.12193,0.32886,0.8376,-0.7697,-0.9537,4.7735,3.4089,0.40551,-1.2513,1.5758,0.32886,-0.2489,-0.6596,-0.9537,-0.68726,-1.1816,-0.65735,-0.68014,-1.2284,-0.68726,4.7735,-0.10725,-1.2513,1.5758,0.40551,0.85271,-0.10725,-0.68014,-0.85844,-0.6596,-3.3907,-0.65735,0.12193,-0.7697,-0.36383,2.6712,-0.2489,-0.89766,-0.19847,1.3777,2.7027,-0.33783,0.8376,3.4089,-0.69378,0.093848,2.3524,1.0955
-0.10882,-1.4694,1.2224,0.054412,-0.75609,0.54679,0.47805,0.013603,0.21776,0.29479,-0.80878,-0.40698,-1.0578,-0.12723,-2.8212,-1.4135,0.064717,0.39981,-0.41362,-0.22143,-1.1723,-0.04513,4.1274,1.9655,0.65347,-0.53595,0.95226,0.41362,0.017877,0.21506,0.12675,-0.018168,0.80878,0.02196,0.26043,0.20885,0.07258,-4.2362,0.026234,0.59037,-0.97947,-0.68068,-1.2224,0.00097224,-0.20602,-0.21317,-0.16065,2.7124,0.0052461,-0.3454,1.1451,-0.091923,1.3606,0.0093292,-0.16335,1.0306,-0.50526,-0.10882,0.013603,0.16701,-2.1015,1.2774,0.35257,0.62006,-0.6012
-0.42851,3.7975,-0.22815,0.21426,1.683,-0.21426,1.0006,0.053564,-0.43314,0.11329,-0.94456,-0.55066,0.45886,-0.035561,-3.4456,-1.8391,-1.2141,0.54229,1.1727,0.44353,-0.15484,0.40435,-0.99474,-0.64735,-1.0064,0.21224,0.59452,-1.1727,0.041447,-0.053723,-0.082964,-0.13598,0.94456,0.063324,0.18939,0.35695,0.35024,0.56622,0.051207,0.0020216,-0.70164,0.89928,0.22815,0.055922,0.024867,0.2081,0.26798,3.017,0.043804,-0.32803,0.047714,1.1069,-4.226,0.065682,0.64739,-0.56599,-1.1077,-0.42851,0.053564,-0.65778,0.11171,1.3035,0.3364,-2.2187,-3.035e-13
-3.1341,4.2826,0.6264,-8.9544,0.47404,0.045193,1.5052,-1.5379,-2.5622,-4.6008,0.6264,0.045193,1.5052,-4.6008,4.2826,0.47404,1.5052,-2.5622,0.6264,0.045193,1.5052,-4.6008,4.2826,0.47404,1.5052,-2.5622,1.5052,0.6264,-0.154,-2.1248,-4.6008,-2.1248,0.6264,-0.154,-2.1248,-4.6008,-2.1248,4.2826,-0.154,-2.5622,1.5052,1.5052,0.6264,-0.154,-2.1248,-4.6008,-2.1248,4.2826,-0.154,-2.5622,1.5052,1.5052,4.2826,-0.154,-2.5622,1.5052,1.5052,-3.1341,-1.5379,0.045193,0.47404,0.47404,0.045193,0.47404,0.045193
-13.721,-1.3145,0.61539,1.6312,-6.1956,-2.7514,0.0038111,0.13811,1.0429,1.3802,0.61539,-2.7514,0.0038111,1.3802,-1.3145,-6.1956,0.0038111,1.0429,0.61539,-2.7514,0.0038111,1.3802,-1.3145,-6.1956,0.0038111,1.0429,0.0038111,-0.61539,1.0917,0.81561,1.0666,0.81561,-0.61539,1.0917,0.81561,1.0666,0.81561,-1.9479,-0.27608,0.58826,-0.81942,-0.81942,-0.61539,1.0917,0.81561,1.0666,0.81561,-1.9479,-0.27608,0.58826,-0.81942,-0.81942,-1.9479,-0.27608,0.58826,-0.81942,-0.81942,7.1958,0.67749,1.1202,2.1176,2.1176,1.1202,2.1176,1.1202
-2.9046,1.5041,-1.0878,11.791,-0.3357,-1.5574,-0.5135,1.0766,1.9942,5.4121,-1.0878,-1.5574,-0.5135,5.4121,1.5041,-0.3357,-0.5135,1.9942,-1.0878,-1.5574,-0.5135,5.4121,1.5041,-0.3357,-0.5135,1.9942,-0.5135,-1.0878,0.73782,1.8726,5.4121,1.8726,-1.0878,0.73782,1.8726,5.4121,1.8726,1.5041,0.73782,1.9942,-0.5135,-0.5135,-1.0878,0.73782,1.8726,5.4121,1.8726,1.5041,0.73782,1.9942,-0.5135,-0.5135,1.5041,0.73782,1.9942,-0.5135,-0.5135,-2.9046,1.0766,-1.5574,-0.3357,-0.3357,-1.5574,-0.3357,-1.5574
4.2149,5.4481,-1.1629,0.1016,4.1379,0.37133,0.56008,-0.31083,-1.1774,-0.19151,-1.1629,0.37133,0.56008,-0.19151,5.4481,4.1379,0.56008,-1.1774,-1.1629,0.37133,0.56008,-0.19151,5.4481,4.1379,0.56008,-1.1774,0.56008,1.1629,0.04889,0.0508,0.34391,0.0508,1.1629,0.04889,0.0508,0.34391,0.0508,-5.6513,0.0019105,1.279,-0.61088,-0.61088,1.1629,0.04889,0.0508,0.34391,0.0508,-5.6513,0.0019105,1.279,-0.61088,-0.61088,-5.6513,0.0019105,1.279,-0.61088,-0.61088,-4.6213,0.36163,-0.47293,-4.3919,-4.3919,-0.47293,-4.3919,-0.47293
0.86497,0.43248,-7.1039e-15,-0.43248,0.5406,0.21624,1.2923,-0.10812,-0.21624,-0.32436,-9.3369e-15,0.21624,-1.0761,-0.32436,0.43248,0.5406,-1.0761,-0.21624,-2.7351e-15,0.21624,1.2923,-0.32436,0.43248,0.5406,1.2923,-0.21624,-1.0761,-1.1689e-14,-0.10812,-0.15538,-0.32436,-0.27711,-8.8801e-15,-0.10812,-0.27711,-0.32436,-0.15538,0.43248,-0.10812,-0.21624,1.2923,-1.0761,1.2255e-15,-0.10812,-0.15538,-0.32436,-0.27711,0.43248,-0.10812,-0.21624,-1.0761,1.2923,0.43248,-0.10812,-0.21624,1.2923,-1.0761,0.86497,-0.10812,0.21624,0.5406,0.5406,0.21624,0.5406,0.21624
0.66822,0.33411,-1.743e-14,-0.33411,0.41764,0.16705,-1.1042,-0.083527,-0.16705,-0.25058,-4.993e-16,0.16705,1.2713,-0.25058,0.33411,0.41764,1.2713,-0.16705,2.188e-15,0.16705,-1.1042,-0.25058,0.33411,0.41764,-1.1042,-0.16705,1.2713,-2.6221e-14,-0.083527,-0.16705,-0.25058,-0.16705,1.2965e-14,-0.083527,-0.16705,-0.25058,-0.16705,0.33411,-0.083527,-0.16705,1.2713,-1.1042,6.6365e-15,-0.083527,-0.16705,-0.25058,-0.16705,0.33411,-0.083527,-0.16705,-1.1042,1.2713,0.33411,-0.083527,-0.16705,1.2713,-1.1042,0.66822,-0.083527,0.16705,0.41764,0.41764,0.16705,0.41764,0.16705
-0.29914,-0.10504,1.6085,0.14957,-0.17776,-0.48306,0.43291,0.037393,0.059578,-1.0315,-1.5949,0.33002,-0.49032,1.2462,5.0488,0.88803,1.2107,-1.7004,-0.013663,-0.071318,0.74313,0.12189,-5.3924,-1.2712,-1.2882,1.8652,-0.83251,0.013663,0.04325,-0.725,0.10246,0.85437,1.5949,0.72105,-1.5046,-1.0218,-0.70479,5.0933,0.72691,-1.7156,0.75773,1.2134,-1.6085,-0.65212,1.6542,1.2559,0.87457,-5.3479,-0.64626,1.85,-0.81792,-1.2854,-0.19411,0.031536,0.089994,0.41553,-0.5077,-0.29914,0.037393,-0.078254,0.89724,-1.262,-0.47959,-0.19617,0.33348
0.92684,-5.5648,-0.91292,-0.46342,-0.66734,0.46342,-1.0569,-0.11586,1.8269,0.30153,-0.93658,0.46943,-1.0638,0.31836,3.5161,1.2106,0.31342,-1.2742,1.8495,-0.23772,1.1096,-1.6626,3.439,1.1946,0.29496,-1.2478,1.0979,-1.8495,-0.90865,1.1302,0.96746,1.1419,0.93658,0.28562,-0.24338,-1.0135,-1.6053,-2.5121,-0.50718,0.78443,-0.8662,-0.06325,0.91292,0.27547,-0.22004,-0.99667,-1.5937,-2.5893,-0.51733,0.81077,-0.87784,-0.081711,6.4917,0.67694,-2.2903,1.2955,1.2887,0.92684,-0.11586,0.70114,-0.036056,-0.052007,-0.0060066,1.8259,0
-0.55233,0.35772,2.0505,0.27616,-0.42924,-1.0838,0.20726,0.069041,-0.066451,0.25722,-1.6208,0.60944,-0.093609,0.16752,2.115,-0.66219,0.50738,-0.63347,-0.42967,0.060082,0.30413,0.19663,-3.3012,0.055807,-0.71851,1.1142,-0.62089,-0.42967,0.13966,0.56809,0.19663,-0.40591,-1.6208,0.33544,0.25207,0.16752,-0.40591,-3.3012,-0.26798,1.1142,-0.62089,-0.71851,2.0505,-0.26798,0.25207,0.25722,0.56809,2.115,0.33544,-0.63347,0.30413,0.50738,0.35772,0.13966,-0.066451,-0.093609,0.20726,-0.55233,0.069041,0.060082,0.055807,-0.66219,0.60944,-0.42924,-1.0838
-1.2687,-3.7614,-0.68772,0.63435,-0.3784,5.5348e-14,-0.74901,0.15859,1.3262,0.45896,-1.4319,0.34323,-0.81,0.44078,1.4781,-1.073,0.14584,-0.36446,2.1197,-1.2947,0.37591,0.52754,0.38022,-0.92743,-0.10266,-0.010195,0.1884,2.1197,-0.1898,0.69706,0.52754,0.49962,-1.4319,0.39394,-0.24517,0.44078,0.49962,0.38022,0.27162,-0.010195,0.1884,-0.10266,-0.68772,0.27162,-0.24517,0.45896,0.69706,1.4781,0.39394,-0.36446,0.37591,0.14584,-3.7614,-0.1898,1.3262,-0.81,-0.74901,-1.2687,0.15859,-1.2947,-0.92743,-1.073,0.34323,-0.3784,3.2104e-14
0.63896,2.9348,-0.71276,-0.31948,0.68555,0.28383,-0.41778,-0.07987,-0.69965,-0.23607,-1.1142,0.35371,-0.20269,-0.23408,-1.2755,0.22481,0.99819,0.16953,1.8269,-0.15832,-0.36263,-0.24868,-0.70086,0.2877,1.02,0.050898,-0.55589,1.8269,1.5883,-0.28406,-0.24868,-0.23927,-1.1142,-1.0972,0.044113,-0.23408,-0.23927,-0.70086,-0.73067,0.050898,-0.55589,1.02,-0.71276,-0.73067,0.044113,-0.23607,-0.28406,-1.2755,-1.0972,0.16953,-0.36263,0.99819,2.9348,1.5883,-0.69965,-0.20269,-0.41778,0.63896,-0.07987,-0.15832,0.2877,0.22481,0.35371,0.68555,0.28383
1.1825,0.25947,1.6981,-0.59125,0.70275,1.0057e-13,-0.65046,-0.14781,-0.22713,-0.45186,-1.4663,0.5509,1.0451,-0.43616,-1.5078,0.50936,-0.056108,0.1377,-0.23176,0.33597,0.97793,-0.44229,3.0221,1.0051,0.11597,-0.79744,-0.54552,-0.23176,-0.35942,-0.45924,-0.44229,-0.10615,-1.4663,-1.4866,-0.32148,-0.43616,-0.10615,3.0221,1.4026,-0.79744,-0.54552,0.11597,1.6981,1.4026,-0.32148,-0.45186,-0.45924,-1.5078,-1.4866,0.1377,0.97793,-0.056108,0.25947,-0.35942,-0.22713,1.0451,-0.65046,1.1825,-0.14781,0.33597,1.0051,0.50936,0.5509,0.70275,5.7475e-14
-1.4378,-2.4342,1.1641,0.71889,-0.6786,-0.71889,0.21843,0.17972,0.56844,0.92148,1.0085,-0.67087,0.29947,0.8704,0.077361,-1.0008,-1.2526,0.26243,-2.1726,0.31142,0.48587,-0.17437,0.20015,-1.0165,-1.2435,0.24747,0.41395,2.1726,-0.88197,1.4125,1.2527,1.3634,-1.0085,0.67257,0.40853,0.20794,-0.64447,-1.6379,-0.38912,0.47142,-0.7734,0.88403,-1.1641,0.74857,0.31036,0.15686,-0.69356,-1.5151,-0.31312,0.45646,-0.84532,0.89315,0.99641,1.2414,0.15045,-0.65892,-0.57788,-1.4378,0.17972,-1.0303,-0.78073,-0.79648,-0.048025,-1.1186,0
-0.79156,-0.32489,1.8366,0.39578,-0.50382,-0.76502,-1.0974,0.098945,0.18925,0.90003,-1.9264,0.39696,0.86324,-0.33586,-1.9167,-0.29964,-0.16504,0.3832,0.089795,-0.22562,0.74509,0.32633,1.0543,-0.68072,0.055461,0.021215,-0.99503,-0.089795,0.14283,0.74917,0.26734,-0.4384,1.9264,-0.84245,1.3855,0.92953,0.83418,-1.8458,-0.79857,0.37456,0.79714,-0.25335,-1.8366,0.99646,-0.98968,-0.30637,-0.35339,1.1252,1.0403,0.012577,-0.94298,-0.032847,-0.46667,0.055065,0.20653,-1.0611,0.8995,-0.79156,0.098945,-0.17016,-0.30873,-0.68981,-0.79274,-0.48563,0.36924
12.561,1.5395,1.7627,-7.5189,4.193,1.3977,0.093934,0.04487,-2.1558,-2.1554,1.7627,1.3977,0.093934,-2.1554,1.5395,4.193,0.093934,-2.1558,1.7627,1.3977,0.093934,-2.1554,1.5395,4.193,0.093934,-2.1558,0.093934,1.7627,2.066,-0.79815,-2.1554,-0.79815,1.7627,2.066,-0.79815,-2.1554,-0.79815,1.5395,2.066,-2.1558,0.093934,0.093934,1.7627,2.066,-0.79815,-2.1554,-0.79815,1.5395,2.066,-2.1558,0.093934,0.093934,1.5395,2.066,-2.1558,0.093934,0.093934,12.561,0.04487,1.3977,4.193,4.193,1.3977,4.193,1.3977
-15.938,-3.2862,-2.0594,3.2986,-6.5897,-1.845,-0.22952,0.049118,2.0256,0.61631,-2.0594,-1.845,-0.22952,0.61631,-3.2862,-6.5897,-0.22952,2.0256,-2.0594,-1.845,-0.22952,0.61631,-3.2862,-6.5897,-0.22952,2.0256,-0.22952,2.0594,-1.1359,1.6493,4.3316,1.6493,2.0594,-1.1359,1.6493,4.3316,1.6493,-3.311,2.7852,1.273,-1.4198,-1.4198,2.0594,-1.1359,1.6493,4.3316,1.6493,-3.311,2.7852,1.273,-1.4198,-1.4198,-3.311,2.7852,1.273,-1.4198,-1.4198,2.744,1.6002,-1.4536,-1.6568,-1.6568,-1.4536,-1.6568,-1.4536
5.0122,-11.935,-1.1467,-2.5061,-6.6144,2.5061,-1.2064,-0.62653,3.0438,-1.437,0.12949,1.1116,-0.3296,-1.9296,0.66768,1.8918,-0.29436,-0.70604,1.0172,0.14151,1.1924,-2.2722,18.786,14.121,1.8936,-6.0969,2.5036,-1.0172,4.239,-2.1922,-1.487,-1.6383,-0.12949,-0.0071189,-1.8069,-1.8296,-0.8678,-13.774,4.8584,3.5908,-1.2505,-0.64059,1.1467,-6.1115,-0.6992,-2.3221,-0.31394,4.3446,-1.2459,-1.8001,0.060703,1.5474,16.947,-5.4921,-5.5499,1.5827,2.4595,5.0122,-0.62653,2.3646,-7.8553,4.3735,1.3946,12.88,-5.1175e-12
-19.072,0.92468,-0.5125,9.5358,-4.8595,-4.2078,-1.9791,2.3839,1.6555,7.3496,1.2493,-6.1331,-0.76857,6.6697,-27.272,-23.891,-4.0197,10.045,-0.73678,-3.9627,-4.1738,7.4362,-2.2596,-7.0087,-0.99901,2.6029,-2.3636,0.73678,-1.1404,4.8652,6.8675,5.6299,-1.2493,8.3598,4.0033,7.634,3.9059,-16.812,4.8355,6.9329,-2.4043,-3.7689,0.5125,-0.06756,5.5325,6.954,4.6706,8.2009,-3.5919,-0.50951,-0.59412,-0.74822,-19.996,5.9083,7.8803,-3.9993,-2.7888,-19.072,2.3839,-5.573,-16.831,0.05161,-3.4027,-18.98,-5.3279
37.864,25.786,-1.1981,-18.932,28.705,10.692,5.0744,-4.733,-11.595,-15.476,2.163,7.2521,5.173,-11.892,3.5673,12.367,3.8538,-4.6934,-0.96496,10.454,3.8606,-15.228,27.442,29.922,5.264,-12.109,5.1722,-0.96496,-6.7518,-11.491,-15.228,-8.3441,2.163,-0.20766,-8.5624,-11.892,-8.3441,27.442,-7.2395,-12.109,5.1722,5.264,-1.1981,-7.2395,-8.5624,-15.476,-11.491,3.5673,-0.20766,-4.6934,3.8606,3.8538,25.786,-6.7518,-11.595,5.173,5.0744,37.864,-4.733,10.454,29.922,12.367,7.2521,28.705,10.692
-7.3935,-17.481,-1.8059,3.6968,-14.756,-1.1235e-11,-1.7344,0.92419,6.13,0.84685,-0.13458,-1.7106,-1.6854,2.6291,-2.7408,-3.9181,-0.92469,1.5514,1.9405,-3.8345,-0.81472,4.8418,9.1314,4.8115,-0.22344,-2.1363,-0.16253,1.9405,4.984,1.9744,4.8418,3.5394,-0.13458,0.64263,0.031345,2.6291,3.5394,9.1314,-2.8541,-2.1363,-0.16253,-0.22344,-1.8059,-2.8541,0.031345,0.84685,1.9744,-2.7408,0.64263,1.5514,-0.81472,-0.92469,-17.481,4.984,6.13,-1.6854,-1.7344,-7.3935,0.92419,-3.8345,4.8115,-3.9181,-1.7106,-14.756,-1.1383e-11
20.157,19.261,0.04235,-10.078,16.721,5.0334,4.1816,-2.5196,-7.8937,-7.4452,-1.3286,5.2198,5.8154,-11.121,0.59367,8.3394,0.70022,-2.0906,1.2862,4.8643,-0.78213,-4.1097,10.381,12.734,4.1593,-5.1332,1.0432,1.2862,-8.1605,-2.8984,-4.1097,-5.1074,-1.3286,3.3071,-7.1117,-11.121,-5.1074,10.381,-2.7053,-5.1332,1.0432,4.1593,0.04235,-2.7053,-7.1117,-7.4452,-2.8984,0.59367,3.3071,-2.0906,-0.78213,0.70022,19.261,-8.1605,-7.8937,5.8154,4.1816,20.157,-2.5196,4.8643,12.734,8.3394,5.2198,16.721,5.0334
-0.82105,5.24,-1.5096,0.41053,2.0239,-1.8833e-13,2.7503,0.10263,-1.5513,-3.7403,0.71814,-0.30291,0.095362,2.2336,4.7163,1.7888,2.6526,-1.3885,0.79149,-0.31288,-0.08972,2.4303,-11.188,-5.3521,-2.9685,3.5557,-3.0559,0.79149,-3.3686,-0.95193,2.4303,2.6378,0.71814,-3.0469,-1.0701,2.2336,2.6378,-11.188,6.7235,3.5557,-3.0559,-2.9685,-1.5096,6.7235,-1.0701,-3.7403,-0.95193,4.7163,-3.0469,-1.3885,-0.08972,2.6526,5.24,-3.3686,-1.5513,0.095362,2.7503,-0.82105,0.10263,-0.31288,-5.3521,1.7888,-0.30291,2.0239,0
-4.613,9.343,2.2624,9.6803,4.1826,-3.9832,0.52053,2.0855,-1.2185,7.0729,2.2624,-3.9832,0.52053,7.0729,9.343,4.1826,0.52053,-1.2185,2.2624,-3.9832,0.52053,7.0729,9.343,4.1826,0.52053,-1.2185,0.52053,2.2624,-4.4444,6.4978,7.0729,6.4978,2.2624,-4.4444,6.4978,7.0729,6.4978,9.343,-4.4444,-1.2185,0.52053,0.52053,2.2624,-4.4444,6.4978,7.0729,6.4978,9.343,-4.4444,-1.2185,0.52053,0.52053,9.343,-4.4444,-1.2185,0.52053,0.52053,-4.613,2.0855,-3.9832,4.1826,4.1826,-3.9832,4.1826,-3.9832
-7.8302,-0.62689,-1.269,3.9151,-4.4837,-2.4378,1.1255,0.97877,0.91076,1.7197,0.34569,-1.8267,-0.066143,3.2677,-2.684,-4.7403,0.39495,1.5656,0.92331,-1.6081,-1.223,3.8215,-8.4344,-5.4576,-2.8388,3.3963,-3.2651,-0.92331,-2.2949,2.9907,2.0511,2.2298,-0.34569,-0.24689,2.7185,2.6049,1.6853,0.60421,-3.5205,0.51884,1.3076,0.88129,1.269,5.4781,1.1966,4.1529,0.9244,-5.1462,2.2044,2.3495,-0.73458,-2.3525,-7.2033,4.2524,3.0043,-1.8914,-3.083,-7.8302,0.97877,-2.307,-4.3302,-5.0474,-2.0884,-5.304,-1.4773
0.50488,3.5724,0.33349,-0.25244,0.72967,0.25244,0.99603,-0.06311,-1.1831,0.1304,-1.2657,-0.35284,2.1763,-1.4028,-4.2552,-0.24671,-1.7838,1.3088,0.93224,0.47906,-2.2257,0.70444,1.4401,0.46369,1.419,-0.50431,-0.2031,-0.93224,-3.3684,0.15595,-1.0831,0.9096,1.2657,4.4246,-0.87987,1.0242,-1.162,-0.93523,1.1193,0.25187,0.32932,-1.2928,-0.33349,-1.2455,0.62743,-0.50906,-0.40839,4.7601,-4.5508,-1.5612,2.3519,1.91,-3.0676,3.2422,0.93069,-2.05,-0.86981,0.50488,-0.06311,-0.22662,0.16741,0.87781,0.60528,-0.098568,0
-12.993,-20.293,-1.9074,2.8978,-16.25,-0.86828,-3.5413,0.17339,7.1044,2.2102,-1.9074,-0.86828,-3.5413,2.2102,-20.293,-16.25,-3.5413,7.1044,-1.9074,-0.86828,-3.5413,2.2102,-20.293,-16.25,-3.5413,7.1044,-3.5413,1.9074,7.955,1.4489,2.1364,1.4489,1.9074,7.955,1.4489,2.1364,1.4489,14.497,-6.5061,-4.2067,2.0924,2.0924,1.9074,7.955,1.4489,2.1364,1.4489,14.497,-6.5061,-4.2067,2.0924,2.0924,14.497,-6.5061,-4.2067,2.0924,2.0924,1.4022,1.2755,-2.0295,9.006,9.006,-2.0295,9.006,-2.0295
193.56,106.24,-2.5407,-156.09,121.9,51.932,29.544,-25.786,-61.024,-102.85,-2.5407,51.932,29.544,-102.85,106.24,121.9,29.544,-61.024,-2.5407,51.932,29.544,-102.85,106.24,121.9,29.544,-61.024,29.544,-2.5407,-27.89,-61.23,-102.85,-61.23,-2.5407,-27.89,-61.23,-102.85,-61.23,106.24,-27.89,-61.024,29.544,29.544,-2.5407,-27.89,-61.23,-102.85,-61.23,106.24,-27.89,-61.024,29.544,29.544,106.24,-27.89,-61.024,29.544,29.544,193.56,-25.786,51.932,121.9,121.9,51.932,121.9,51.932
-170.63,-80.7,-2.2739,72.477,-107.47,-40.099,-17.679,22.984,38.731,51.236,-2.2739,-40.099,-17.679,51.236,-80.7,-107.47,-17.679,38.731,-2.2739,-40.099,-17.679,51.236,-80.7,-107.47,-17.679,38.731,-17.679,2.2739,19.659,36.238,57.479,36.238,2.2739,19.659,36.238,57.479,36.238,-64.253,16.579,33.746,-18.56,-18.56,2.2739,19.659,36.238,57.479,36.238,-64.253,16.579,33.746,-18.56,-18.56,-64.253,16.579,33.746,-18.56,-18.56,-119.27,13.255,-32.378,-73.72,-73.72,-32.378,-73.72,-32.378
2.6042e+08,1.3021e+08,4.8722e-07,-1.3021e+08,1.6276e+08,6.5105e+07,3.2553e+07,-3.2553e+07,-6.5105e+07,-9.7658e+07,7.7863e-07,6.5105e+07,3.2553e+07,-9.7658e+07,1.3021e+08,1.6276e+08,3.2553e+07,-6.5105e+07,1.0177e-06,6.5105e+07,3.2553e+07,-9.7658e+07,1.3021e+08,1.6276e+08,3.2553e+07,-6.5105e+07,3.2553e+07,1.8691e-06,-3.2553e+07,-6.5105e+07,-9.7658e+07,-6.5105e+07,2.2564e-06,-3.2553e+07,-6.5105e+07,-9.7658e+07,-6.5105e+07,1.3021e+08,-3.2553e+07,-6.5105e+07,3.2553e+07,3.2553e+07,2.0484e-06,-3.2553e+07,-6.5105e+07,-9.7658e+07,-6.5105e+07,1.3021e+08,-3.2553e+07,-6.5105e+07,3.2553e+07,3.2553e+07,1.3021e+08,-3.2553e+07,-6.5105e+07,3.2553e+07,3.2553e+07,2.6042e+08,-3.2553e+07,6.5105e+07,1.6276e+08,1.6276e+08,6.5105e+07,1.6276e+08,6.5105e+07
9.9055,-2.3021,0.038511,-4.9528,3.2357,2.4963e-10,0.37354,-1.2382,-0.6786,-1.1549,-0.023839,4.0093,0.34846,-5.2991,-6.8356,1.3891,-0.17645,0.44481,-0.014671,3.4198,-0.19784,-4.6897,23.996,13.948,3.5389,-7.1954,3.5426,-0.014671,1.8654,0.65713,-4.6897,-7.5383,-0.023839,3.8048,-0.54793,-5.2991,-7.5383,23.996,-9.3847,-7.1954,3.5426,3.5389,0.038511,-9.3847,-0.54793,-1.1549,0.65713,-6.8356,3.8048,0.44481,-0.19784,-0.17645,-2.3021,1.8654,-0.6786,0.34846,0.37354,9.9055,-1.2382,3.4198,13.948,1.3891,4.0093,3.2357,2.4894e-10
-138.21,-51.304,-0.0052931,69.104,-79.129,-34.212,-15.119,17.276,30.141,51.476,-0.030705,-32.578,-15.129,49.787,-84.287,-92.565,-19.12,38.315,0.035998,-36.867,-19.104,54.221,-71.722,-87.446,-17.606,35.201,-17.579,0.035998,9.6611,38.588,54.221,35.248,-0.030705,23.771,29.82,49.787,35.248,-71.722,18.396,35.201,-17.579,-17.606,-0.0052931,18.396,29.82,51.476,38.588,-84.287,23.771,38.315,-19.104,-19.12,-51.304,9.6611,30.141,-15.129,-15.119,-138.21,17.276,-36.867,-87.446,-92.565,-32.578,-79.129,-34.212
5.3675,22.799,0.41806,-2.6838,11.687,2.6838,2.8539,-0.67094,-6.7977,-1.8896,0.028607,1.4337,3.515,-2.0044,1.3955,2.8211,-0.22395,-0.99247,-0.44667,-0.091822,1.2439,-2.1445,-16.143,-4.4438,-2.085,3.7645,-1.2782,0.44667,-8.5441,-0.013947,-1.8811,-0.61202,-0.028607,-0.1667,-0.74381,-2.0213,-2.0718,21.51,-8.0399,-6.4483,2.6201,3.4269,-0.41806,6.698,-1.94,-2.1361,-2.6698,3.972,-1.1752,-1.6913,0.098013,1.5658,-17.431,7.2022,4.1139,-2.1731,-1.5121,5.3675,-0.67094,2.7756,11.153,3.8883,1.2501,-4.9774,3.9231e-10
24.731,22.491,-0.2744,-12.365,19.651,5.3019,5.0133,-3.0913,-8.9291,-9.3549,0.49925,7.7852,3.7,-9.1268,-10.117,6.1437,0.32396,-0.084614,-0.22485,5.461,0.23985,-9.3403,24.722,20.575,4.0209,-9.5343,5.25,0.22485,-7.0547,-6.2588,-9.2077,-5.0707,-0.49925,5.7087,-7.3708,-9.4212,-7.2947,0.0082797,1.7453,-2.831,0.93265,2.1618,0.2744,-7.928,-4.9946,-9.1931,-6.1066,34.848,-11.891,-12.281,5.9428,5.8587,2.2396,0.87198,-3.4363,2.4826,1.1694,24.731,-3.0913,6.9044,10.338,24.77,4.5802,11.262,7.0634
-16.067,12.99,-3.823,8.0335,2.9276,3.6467,5.584,2.0084,-4.3977,-13.829,1.3148,-6.6524,0.069122,12.853,2.9873,-3.243,3.9241,-0.39427,2.5082,-9.0445,-2.8717,19.051,-40.077,-29.81,-8.7374,16.842,-10.018,-2.5082,-2.2323,-19.12,-7.0007,-0.34412,-1.3148,-0.21467,-14.759,-0.80326,8.3776,24.01,-4.4553,-8.8087,6.0016,4.7207,3.823,8.4721,22.792,25.879,27.153,-19.054,4.2314,8.4277,-1.1451,-7.9408,-29.057,6.249,12.431,-4.0859,-9.6007,-16.067,2.0084,1.0111,9.7264,-16.841,-1.3811,-23.011,-11.68
5.5244,-22.101,-0.68898,-2.7622,-11.886,2.7622,-2.696,-0.69055,8.5704,-5.6497,3.6553,-5.9462,-7.3591,16.912,33.4,22.354,6.5145,-13.644,-2.9664,7.3273,8.959,-17.477,-3.0127,-0.10986,-4.1913,0.93028,2.9162,2.9664,4.3248,6.9412,13.334,22.817,-3.6553,-6.8707,-17.257,-21.055,-25.579,8.5371,-1.8554,-3.6925,-1.5351,5.5724,0.68898,0.47433,14.494,1.5064,-9.7033,-27.876,5.4896,10.882,-7.5779,-5.1334,27.626,-5.7058,-11.333,8.7402,4.0771,5.5244,-0.69055,-4.5651,7.0153,-15.448,8.7084,18.791,-2.298e-06
16.532,32.27,-1.9559,-56.343,25.187,9.161,10.069,-4.0196,-20.974,-38.85,-1.9559,9.161,10.069,-38.85,32.27,25.187,10.069,-20.974,-1.9559,9.161,10.069,-38.85,32.27,25.187,10.069,-20.974,10.069,1.9559,-4.8553,-28.172,-45.665,-28.172,1.9559,-4.8553,-28.172,-45.665,-28.172,80.416,-23.316,-35.369,18.102,18.102,1.9559,-4.8553,-28.172,-45.665,-28.172,80.416,-23.316,-35.369,18.102,18.102,80.416,-23.316,-35.369,18.102,18.102,208.84,-24.152,47.182,115.67,115.67,47.182,115.67,47.182
-40.628,1.6242,-1.7349,-3.7663,-10.493,-5.7599,2.1069,4.6609,-2.538,-8.4951,-1.7349,-5.7599,2.1069,-8.4951,1.6242,-10.493,2.1069,-2.538,-1.7349,-5.7599,2.1069,-8.4951,1.6242,-10.493,2.1069,-2.538,2.1069,-1.7349,1.7661,-12.298,-8.4951,-12.298,-1.7349,1.7661,-12.298,-8.4951,-12.298,1.6242,1.7661,-2.538,2.1069,2.1069,-1.7349,1.7661,-12.298,-8.4951,-12.298,1.6242,1.7661,-2.538,2.1069,2.1069,1.6242,1.7661,-2.538,2.1069,2.1069,-40.628,4.6609,-5.7599,-10.493,-10.493,-5.7599,-10.493,-5.7599
47.925,4.456,2.0379,16.262,23.71,4.6491,-0.53208,-5.5831,-1.3995,13.484,2.0379,4.6491,-0.53208,13.484,4.456,23.71,-0.53208,-1.3995,2.0379,4.6491,-0.53208,13.484,4.456,23.71,-0.53208,-1.3995,-0.53208,2.0379,-1.3618,9.3736,13.484,9.3736,2.0379,-1.3618,9.3736,13.484,9.3736,4.456,-1.3618,-1.3995,-0.53208,-0.53208,2.0379,-1.3618,9.3736,13.484,9.3736,4.456,-1.3618,-1.3995,-0.53208,-0.53208,4.456,-1.3618,-1.3995,-0.53208,-0.53208,47.925,-5.5831,4.6491,23.71,23.71,4.6491,23.71,4.6491
-13.857,-26.074,1.9767,46.173,-14.652,-10.642,-8.088,2.1002,13.756,35.835,1.9767,-10.642,-8.088,35.835,-26.074,-14.652,-8.088,13.756,1.9767,-10.642,-8.088,35.835,-26.074,-14.652,-8.088,13.756,-8.088,-1.9767,5.8145,23.086,33.424,23.086,-1.9767,5.8145,23.086,33.424,23.086,-66.272,17.272,32.417,-14.998,-14.998,-1.9767,5.8145,23.086,33.424,23.086,-66.272,17.272,32.417,-14.998,-14.998,-66.272,17.272,32.417,-14.998,-14.998,-170.83,20.986,-35.53,-100.78,-100.78,-35.53,-100.78,-35.53
13.739,55.157,1.7512,-6.8696,38.888,1.3933,8.0461,-1.7174,-24.028,0.56083,-0.093363,3.5437,9.4805,-5.4568,9.589,10.293,0.78866,-4.5946,-1.6578,5.3676,3.4398,-10.561,-44.137,-23.42,-6.3336,18.318,-5.117,-1.6578,-14.953,-3.1458,-10.561,-8.8561,-0.093363,-2.4628,1.6975,-5.4568,-8.8561,-44.137,12.263,18.318,-5.117,-6.3336,1.7512,12.263,1.6975,0.56083,-3.1458,9.589,-2.4628,-4.5946,3.4398,0.78866,55.157,-14.953,-24.028,9.4805,8.0461,13.739,-1.7174,5.3676,-23.42,10.293,3.5437,38.888,1.3933
54.49,-3.7739,0.90325,-27.245,14.592,12.57,1.1686,-6.8113,-0.39368,-17.487,-1.9682,15.917,3.4017,-26.855,84.573,70.03,15.239,-38.072,1.065,12.381,15.113,-16.96,0.93619,17.548,4.1518,-2.4024,1.793,1.065,1.6907,-7.5294,-16.96,-16.419,-1.9682,-22.524,-16.919,-26.855,-16.419,0.93619,0.39972,-2.4024,1.793,4.1518,0.90325,0.39972,-16.919,-17.487,-7.5294,84.573,-22.524,-38.072,15.113,15.239,-3.7739,1.6907,-0.39368,3.4017,1.1686,54.49,-6.8113,12.381,17.548,70.03,15.917,14.592,12.57
7.8578,-33.461,-2.4833,-3.9289,-19.422,5.8011,-2.7503,-0.98222,14.573,-12.756,0.34722,1.428,-4.9243,-1.5751,-2.1489,0.95582,1.9728,0.72363,2.1361,-1.3357,-1.5752,5.4913,47.397,33.199,7.2721,-21.19,5.8982,-2.1361,10.214,-10.103,-11.385,-5.1161,-0.34722,0.83777,-6.9513,-4.3183,1.1872,-39.539,12.034,17.261,-3.9337,-5.3077,2.4833,-13.999,3.0224,6.8629,6.174,10.007,-2.8022,-4.6525,3.5396,-0.0083601,41.319,-12.179,-18.501,6.8888,4.7147,7.8578,-0.98222,5.2646,-23.377,8.8664,2.5009,29.244,-1.8722
16.762,36.986,-1.0328,-8.3808,29.092,5.7861,7.2032,-2.0952,-16.842,-10.365,2.667,0.069986,4.3615,4.2496,-38.303,-19.905,-4.1532,16.457,-1.6342,6.7152,-3.6912,-12.741,26.459,22.241,2.7737,-12.186,6.0773,1.6342,-10.661,-3.1309,0.16979,3.3875,-2.667,11.884,-10.709,-16.821,-11.768,-9.6974,3.3184,3.8053,-1.8868,1.4168,1.0328,-7.5088,2.3279,-2.2059,-5.25,55.064,-16.075,-24.838,7.8817,8.3436,-20.224,6.4707,8.4612,-0.1711,-3.0128,16.762,-2.0952,1.6656,-1.289,40.857,8.3108,-8.1398,2.5948
-7.1505,-0.98577,-1.4677,3.5752,-0.16516,1.2069,0.17603,0.89381,-0.020834,-5.227,-2.1969,2.6946,1.0171,-9.156,-5.1276,-7.0492,1.1726,2.8718,3.6646,-9.2645,-4.7471,22.427,-4.6124,-6.1928,1.8896,2.5119,-4.871,3.6646,-1.7159,10.994,22.427,7.938,-2.1969,2.4583,-13.569,-9.156,7.938,-4.6124,1.939,2.5119,-4.871,1.8896,-1.4677,1.939,-13.569,-5.227,10.994,-5.1276,2.4583,2.8718,-4.7471,1.1726,-0.98577,-1.7159,-0.020834,1.0171,0.17603,-7.1505,0.89381,-9.2645,-6.1928,-7.0492,2.6946,-0.16516,1.2069
14.797,7.1012,3.3841,-7.3987,8.754,-3.2052,-1.982,-1.8497,-3.4916,12.686,-2.9631,9.745,5.339,-21.515,5.3049,5.7683,-1.5498,-2.2371,-0.42098,4.5583,2.839,-7.8174,9.79,13.223,4.692,-5.3694,1.7599,-0.42098,-1.5499,8.7176,-7.8174,-17.88,-2.9631,0.26053,-1.9353,-21.515,-17.88,9.79,-4.2597,-5.3694,1.7599,4.692,3.3841,-4.2597,-1.9353,12.686,8.7176,5.3049,0.26053,-2.2371,2.839,-1.5498,7.1012,-1.5499,-3.4916,5.339,-1.982,14.797,-1.8497,4.5583,13.223,5.7683,9.745,8.754,-3.2052
-2.6251,-1.3126,6.7599e-14,1.3126,-1.6407,-0.65629,0.44825,0.32814,0.65629,0.98443,1.6566e-13,-0.65629,-1.1045,0.98443,-1.3126,-1.6407,-1.1045,0.65629,9.847e-14,-0.65629,0.44825,0.98443,-1.3126,-1.6407,0.44825,0.65629,-1.1045,5.9075e-14,0.32814,-12.715,0.98443,14.027,1.0268e-13,0.32814,14.027,0.98443,-12.715,-1.3126,0.32814,0.65629,0.44825,-1.1045,2.3398e-14,0.32814,-12.715,0.98443,14.027,-1.3126,0.32814,0.65629,-1.1045,0.44825,-1.3126,0.32814,0.65629,0.44825,-1.1045,-2.6251,0.32814,-0.65629,-1.6407,-1.6407,-0.65629,-1.6407,-0.65629
44.144,78.924,2.1133,70.345,62.349,10.094,13.298,3.4463,-19.401,13.668,2.1133,10.094,13.298,13.668,78.924,62.349,13.298,-19.401,2.1133,10.094,13.298,13.668,78.924,62.349,13.298,-19.401,13.298,2.1133,-20.341,-11.921,13.668,-11.921,2.1133,-20.341,-11.921,13.668,-11.921,78.924,-20.341,-19.401,13.298,13.298,2.1133,-20.341,-11.921,13.668,-11.921,78.924,-20.341,-19.401,13.298,13.298,78.924,-20.341,-19.401,13.298,13.298,44.144,3.4463,10.094,62.349,62.349,10.094,62.349,10.094
41.094,-47.061,-1.6315,1.4184,-12.453,8.7226,-6.1221,-5.9854,19.278,-3.8241,-1.6315,8.7226,-6.1221,-3.8241,-47.061,-12.453,-6.1221,19.278,-1.6315,8.7226,-6.1221,-3.8241,-47.061,-12.453,-6.1221,19.278,-6.1221,1.6315,13.235,0.70918,5.9517,0.70918,1.6315,13.235,0.70918,5.9517,0.70918,44.224,-12.526,-17.86,5.4129,5.4129,1.6315,13.235,0.70918,5.9517,0.70918,44.224,-12.526,-17.86,5.4129,5.4129,44.224,-12.526,-17.86,5.4129,5.4129,-46.768,6.6945,-10.141,8.9074,8.9074,-10.141,8.9074,-10.141
3.0353,-6.0465,0.14367,-1.5176,-1.9843,7.9817e-08,-1.4594,-0.37941,1.8792,0.25966,0.38885,-1.295,-1.2975,2.6453,7.041,4.7312,1.8863,-2.6852,-0.53252,3.5714,1.4397,-6.3196,3.5584,2.9442,1.1579,-1.4705,0.54943,-0.53252,1.3487,11.167,-6.3196,3.6474,0.38885,-1.6413,-17.091,2.6453,3.6474,3.5584,-0.84562,-1.4705,0.54943,1.1579,0.14367,-0.84562,-17.091,0.25966,11.167,7.041,-1.6413,-2.6852,1.4397,1.8863,-6.0465,1.3487,1.8792,-1.2975,-1.4594,3.0353,-0.37941,3.5714,2.9442,4.7312,-1.295,-1.9843,7.9817e-08
-0.36531,1.8281,-0.53196,0.18266,0.80342,2.7183,0.11706,0.045664,-0.60993,-5.0389,0.3904,-2.1533,0.72617,3.9355,5.3627,2.6171,1.0207,-1.8427,0.14156,-0.83899,1.4654,1.5143,-7.7388,-4.1055,-1.7195,2.7266,-1.8838,0.14156,-0.4137,12.065,1.5143,-16.223,0.3904,-1.2212,4.4328,3.9355,-16.223,-7.7388,1.7719,2.7266,-1.8838,-1.7195,-0.53196,1.7719,4.4328,-5.0389,12.065,5.3627,-1.2212,-1.8427,1.4654,1.0207,1.8281,-0.4137,-0.60993,0.72617,0.11706,-0.36531,0.045664,-0.83899,-4.1055,2.6171,-2.1533,0.80342,2.7183
0.060064,2.6644,0.6714,-0.030032,1.2949,-2.995,0.56607,-0.007508,-1.276,5.9182,-0.30519,1.3832,0.7757,-2.7229,2.2254,1.0854,0.44898,-1.0659,-0.36621,1.6568,0.67171,-3.2629,-4.7997,-2.2677,-1.2153,2.2969,-1.2022,0.36621,0.24739,-16.542,3.2178,-0.98697,0.30519,0.20492,-15.57,2.6779,0.95694,4.8597,0.45982,-2.3269,1.2172,1.2303,-0.6714,-0.47484,15.54,-5.9633,16.512,-2.1653,-0.21993,1.0359,-0.65669,-0.43396,-2.6043,-0.26241,1.246,-0.76068,-0.55105,0.060064,-0.007508,-1.6268,2.3428,-1.0103,-1.3532,-1.2199,3.025
-0.6318,-4.3718,0.035232,0.3159,-2.3308,-0.3159,-1.1684,0.078975,2.0995,0.54867,-0.59907,2.5278,-1.0323,-5.0638,3.9935,1.662,1.0629,-1.9049,0.56384,-2.6857,0.94947,5.2259,-0.56934,-0.51585,-0.017985,0.27927,-0.26761,-0.56384,-0.31348,8.5773,-4.7521,18.68,0.59907,0.49595,-9.9449,5.5376,-18.364,-0.06246,0.1035,0.036633,0.10966,-0.13996,-0.035232,0.054452,10.261,-0.074817,-8.2614,-4.6253,-0.338,2.2208,-1.1074,-1.2209,3.74,0.47143,-1.7836,0.87431,1.0105,-0.6318,0.078975,2.3698,-0.2739,-2.4518,-2.8437,1.5411,-9.9743e-15
8.3341,7.315,-0.86877,14.675,9.7587,5.2828,2.1213,0.39664,-0.6926,-5.9179,-0.86877,5.2828,2.1213,-5.9179,7.315,9.7587,2.1213,-0.6926,-0.86877,5.2828,2.1213,-5.9179,7.315,9.7587,2.1213,-0.6926,2.1213,0.86877,-5.1332,7.3377,27.931,7.3377,0.86877,-5.1332,7.3377,27.931,7.3377,-36.666,12.471,15.368,-9.459,-9.459,0.86877,-5.1332,7.3377,27.931,7.3377,-36.666,12.471,15.368,-9.459,-9.459,-36.666,12.471,15.368,-9.459,-9.459,-67.036,6.9411,-19.958,-46.447,-46.447,-19.958,-46.447,-19.958
104.31,36.633,1.4161,91.477,58.685,19.719,7.8267,-2.9444,0.86539,21.424,1.4161,19.719,7.8267,21.424,36.633,58.685,7.8267,0.86539,1.4161,19.719,7.8267,21.424,36.633,58.685,7.8267,0.86539,7.8267,1.4161,-6.3382,-24.95,21.424,-24.95,1.4161,-6.3382,-24.95,21.424,-24.95,36.633,-6.3382,0.86539,7.8267,7.8267,1.4161,-6.3382,-24.95,21.424,-24.95,36.633,-6.3382,0.86539,7.8267,7.8267,36.633,-6.3382,0.86539,7.8267,7.8267,104.31,-2.9444,19.719,58.685,58.685,19.719,58.685,19.719
-233.13,-72.602,-1.2085,-207.21,-127.74,-51.144,-16.583,6.8683,-7.7904,-32.312,-1.2085,-51.144,-16.583,-32.312,-72.602,-127.74,-16.583,-7.7904,-1.2085,-51.144,-16.583,-32.312,-72.602,-127.74,-16.583,-7.7904,-16.583,-1.2085,15.49,25.782,-32.312,25.782,-1.2085,15.49,25.782,-32.312,25.782,-72.602,15.49,-7.7904,-16.583,-16.583,-1.2085,15.49,25.782,-32.312,25.782,-72.602,15.49,-7.7904,-16.583,-16.583,-72.602,15.49,-7.7904,-16.583,-16.583,-233.13,6.8683,-51.144,-127.74,-127.74,-51.144,-127.74,-51.144
