-5.57684647704173e-12
2.00064299588511
2.00064299588633
2.00333043250517
6.00764492612208
6.0076449261227
6.01332453527971
6.02874445387044
6.02874445387095
12.0302281562208
12.0533336693003
12.0765834034106
12.0765834034108
12.1489837690816
12.1489837690837
12.1873031998319
20.1374527524385
20.1374527524392
20.2738413338892
20.3811348787103
20.3811348787105
20.3818023379008
20.5269956627812
20.6696294313615
20.6696294313622
30.306751187145
30.3067511871451
30.7788020734586
30.7788020734592
30.8281138584029
31.4429592364764
31.4429592364768
31.5376125743066
31.6244724814923
31.6981204612128
31.698120461213
42.5571218610219
42.9561131531648
42.98939202249
42.9893920224907
44.8067658838983
44.8067658838994
45.0720134047387
45.2360737299232
45.7166991902354
45.7166991902364
45.862526794329
45.9966864152309
45.9966864152324
57.3536651927288
57.3536651927322
58.0555396564301
59.6239932421483
59.6239932421499
59.7590480933821
61.691787041475
62.2455276746452
62.2455276746488
63.6441979577841
63.711317802288
63.7113178022882
64.2240694903239
64.2240694903242
65.8098635331934
75.1079746291721
75.1079746291747
77.6892320172608
77.6892320172622
79.1348358821189
79.627053419046
80.0825017452923
80.0825017452925
83.8467339638385
84.0531315974758
84.3030807502169
84.3030807502206
86.4155885820817
86.4155885820846
88.9941448273594
88.9941448273613
90.9245557106093
94.0479955828579
96.0411746532787
100.14384507355
100.143845073551
104.950418598965
104.950418598971
106.160591782878
106.438254734448
106.438254734451
107.876920894366
109.566641160842
110.017365624459
110.01736562446
114.282061049736
114.282061049738
114.687554297245
114.970348223948
118.588760110527
118.58876011053
119.762211064167
119.762211064195
125.851292401002
128.054099964548
130.017695738182
130.017695738184
135.065248756936
136.319211397669
136.319211397669
137.078197656146
137.078197656156
141.982692345427
144.346061737647
144.346061737649
144.550901452315
144.550901452315
145.332554110364
147.565258368718
150.59616883833
150.596168838331
156.636326866401
157.383116084982
157.383116084997
158.390983629662
158.390983629664
165.583404841207
167.545951455255
169.354608603922
170.635130238605
170.635130238615
174.352795254483
174.352795254488
174.396417465227
177.744066019906
179.541731803388
180.610296628579
180.610296628592
184.190190280467
184.190190280488
186.600172807751-4.05069489790746e-12i
186.600172807751+4.05069489790746e-12i
189.583735939411
190.467566219521
191.077467231627
191.077467231627
206.287059475926
206.287059475928
208.340689224949
208.340689224951
209.013513735514
209.538931600308
211.54764268944
211.547642689455
213.679380308849-1.58512255775916e-12i
213.679380308849+1.58512255775916e-12i
214.398103746555
218.660094748812
218.660094748834
219.076614307065
223.839812929622
227.751822696906
227.816774662507-8.72255099318098e-12i
227.816774662507+8.72255099318098e-12i
230.845396739364
234.171619598439
238.086042212808
238.086042212813
239.063174488034
239.063174488038
244.724154202925
247.103076950971
247.103076951004
248.816141759866
255.884083900827
255.884083900849
257.506513233884
265.396400054564
265.396400054569
267.192925653898
267.192925653898
273.841709925228
273.841709925268
275.011473997764
277.768089031215
280.909334064218
280.909334064233
285.403282460898
285.403282460909
286.804099810262
286.804099810279
294.276019276198
294.276019276198
294.423541145774
297.376127226193
305.333914985974
305.333914985979
306.061067877815
313.478708749624
313.478708749665
315.184516239411
316.166129496246
318.123416611374
318.123416611428
318.670358506797
320.985493384682-8.37551270219385e-12i
320.985493384682+8.37551270219385e-12i
326.438756303521
326.628267078849
326.628267078865
330.645114087231
347.344735873286
347.344735873291
347.844722852921
348.29531519573
348.295315195832
350.531919376662
351.003655161008
355.044709331164
357.669115830543
359.958401256037
359.958401256049
363.485476930887
363.485476930904
371.246431707166
371.246431707269
374.056025247756
380.694156936149
392.523590074589
392.523590074628
395.937471872376
404.364836035428
404.364836035461
405.104916924867
405.104916924904
406.013785893531
408.466062926978
408.466062927103
412.807811635427
413.355512179708
422.675590257103
422.675590257186
425.998186536174
433.839872243146
433.839872243184
434.159095327719
434.159095327797
444.327197983748
445.427710329019
450.510698895195
450.51069889524
455.996130983098
455.996130983166
458.571609769808
458.571609769834
472.10911724609
472.764199466064
472.764199466163
475.946787119223-4.76085616126877e-11i
475.946787119223+4.76085616126877e-11i
486.506595205698
486.506595205833
489.473514397119
489.473514397139
490.169441002293
497.493827821499-7.49655659425403e-11i
497.493827821499+7.49655659425403e-11i
498.759202803924
500.302399044593
501.586291788579
505.201578554397
505.81471138558
523.178302199212
525.661291190285-1.80923540861036e-10i
525.661291190285+1.80923540861036e-10i
526.705926212923-3.79026220933143e-11i
526.705926212923+3.79026220933143e-11i
536.139833140415
551.275285346363
567.848786361998-1.95719417730404e-11i
567.848786361998+1.95719417730404e-11i
590.905915868601
594.418983540129
594.418983540197
598.379182596158
624.514986076357
624.514986076389
636.133407032335
640.917706312022
640.917706312121
655.618001297104
655.618001297279
657.440726551489
658.679154479254
658.67915447978
675.181262191286
687.586693218632
690.599499509466
690.59949950956
697.088477054565-1.78212209168893e-10i
697.088477054565+1.78212209168893e-10i
704.774834316092
706.556988209912
706.556988210622
716.282378169229
716.2823781701
734.052529939686
738.023932843684
743.505209300293
743.505209301956
746.788143941137
746.78814394159
756.797789578341
763.12323745376
763.123237456014
774.260431249449
779.242543566145-3.05626294413608e-10i
779.242543566145+3.05626294413608e-10i
788.699221361354
793.320489664504
795.591672094538-3.1646527657678e-10i
795.591672094538+3.1646527657678e-10i
796.671677846379
801.217936022924
801.217936022959
840.305802136081
844.751331763898
844.751331764113
849.030151253107
849.03015125327
852.394385767744
894.28043384518
894.280433845362
901.59033202758
902.970040933622
904.813066649396
904.813066650299
919.688402076595
919.688402078304
926.088937288115
928.981708747986
928.981708748207
936.223984092552
946.166828627775
946.166828629399
947.796039564907
947.796039567462
976.788018741567
987.895315223974
990.47281611653-1.14983281469819e-09i
990.47281611653+1.14983281469819e-09i
991.321708013107-8.10611609814809e-10i
991.321708013107+8.10611609814809e-10i
1000.74575672159
1003.23406640083
1006.56832107008
1006.56832107046
1008.09086436922
1008.09086437026
1011.39624644295
1011.9525261331
1023.11939853107
1024.13131902425
1071.97085036067-4.7555337325136e-10i
1071.97085036067+4.7555337325136e-10i
1079.65001701984
1079.65001702084
1085.60761119233
1088.54552559388
1090.42980131658
1090.42980131674
1091.453369313
1091.45336931456
1105.9310849448
1109.39548260884
1168.1051449862
1168.10514498631
1175.42516979941
1177.15725796206
1177.15725796354
1181.25430939074
1181.25430939277
1191.96470851154
1192.01506282138
1192.01506282283
1210.83523095543
1214.30308942497
1214.98427565156
1214.984275652
1220.9187237981-5.04510967317486e-10i
1220.9187237981+5.04510967317486e-10i
1432.78106618545
1438.41016604241
1439.52738233523
1439.64041687161
1439.64041687529
1440.13069243298
1440.13069243516
1444.59400176437
1451.02921243715
1451.02921243934
1456.66538407472-1.36286860524554e-09i
1456.66538407472+1.36286860524554e-09i
1469.45885024811
1472.62807149985
1474.19919938302
1474.19919938329
1477.77879457358
1477.7787945777
1487.27815996459
1487.27815996478
1492.65557568512
1492.6555756858
1498.04001575525
1501.75344700583
1564.48920920356
1564.95050318375
1885.16971931847-2.54285862603182e-09i
1885.16971931847+2.54285862603182e-09i
1885.21222730373
1885.21222731757
1904.51308622297
1905.29097996559
1972.51206228394
1972.51206228508
1976.7340608557
1976.74207096189
1976.74207096424
1984.52875888251
2493.52155665301
2494.8637702257
2494.86377024685
2496.1079378248
2496.16229514663
2496.16229518556
2625.65002449766
2625.80468693722-2.1547543397846e-08i
2625.80468693722+2.1547543397846e-08i
2626.73621753688
2626.73621754669
2627.50446024905
3380.45927426273
3380.45927484109
3380.4605150701
3380.46051531174
3745.69039607435
3746.21458587491
3746.21458594578
3748.05519715907
3748.05519735269
3749.3631292068
4744.02824428021
4744.02824519657
4744.25907140155
4744.51355015734
4744.51355040864
4745.23053176175
5734.72605536382
5734.72641897825
6265.21028845228
6265.21029049766
6265.21051226052
6265.21051467652
12472.7899284466
12472.7901992935
