...
0.413279634822985
0.413734307126809
0.414839725643067
0.415207628138448
0.415273822971943
0.415564958330329
0.415692896617399
0.416731865240949
0.418662383266165
0.419245361301200
0.419536407605093
0.420470532756119
0.424156998591029
0.424668943497956
0.426151360797782
0.426209054995555
0.428990124318053
0.430094856105987
0.433858059094082
0.434632247647017
0.441207509484040
0.455818866671833
0.463481326040188
0.467446142579489
0.469160514555464
0.473513095088267
0.475435243548358
0.480603243263119
0.481816273164447
0.486709436269408
0.487688119343890
0.491131029676057
0.493275064462944
0.506324878441294
0.511994039164746
0.547958878252506
0.568673389301252
0.572821694073210
0.573906435244107
0.586927648598414
0.597179743743733
0.602673351482644
0.620561195148385
0.636287445363973
0.649539610486600
0.656786943026127
0.676471424659752
1.99999997925427
1.9999998993672
1.99999989936717
6.00000008764195
6.00000011168308
6.00000011168313
5.99999977755723
5.99999977755721
11.9999999749185
12.0000001474835
12.0000010185349
12.0000010185349
12.0000017660243
12.0000017660244
12.0000025743287
20.0000016126563
20.0000016126563
20.0000038204161
20.0000051370786
20.0000078331003
20.0000078331004
20.0000106032499
20.0000110390819
20.000011039082
30.0000063291821
30.0000063291822
30.0000138424205
30.0000138424206
30.0000232280208
30.0000232839995
30.0000324501041
30.0000324501042
30.0000352159574
30.0000352159574
30.000040200035
42.0000169468754
42.0000185740711
42.0000346578717
42.0000346578717
42.0000563056923
42.0000563056923
42.0000753898831
42.0000794909573
42.0000891217762
42.0000891217763
42.0001024659676
42.0001053255307
42.0001053255307
56.0000415838292
56.0000415838292
56.0000751312537
56.0000760857141
56.0001192740725
56.0001192740726
56.0001610869144
56.0001610869145
56.0001926313291
56.0001933209117
56.0002285751433
56.0002285751433
56.0002396520634
56.0002396520635
56.0002547453892
72.0000867032206
72.0000867032206
72.0001494629511
72.0001494629511
72.000221506514
72.0002386964992
72.0003042523392
72.0003042523392
72.0003747571886
72.0003747571886
72.0004330195229
72.0004523088808
72.0004845025662
72.0004845025663
72.0005230699703
72.0005230699704
72.0005248763807
90.0001630112686
90.0001691661536
90.0002742677775
90.0002742677776
90.0004127625955
90.0004127625955
90.0005294165976
90.0005442767914
90.0006690981104
90.0006690981105
90.0007880307235
90.0007880307235
90.0008854691119
90.0008890481266
90.0009708345099
90.0009708345099
90.0010077762043
90.0010077762044
90.0010346316159
110.000297616666
110.000297616666
110.000471239668
110.000478350628
110.00069921325
110.00069921325
110.00089520292
110.00089520292
110.001119364699
110.001122100866
110.001324809981
110.001324809981
110.001507093801
110.001507093801
110.001658393654
110.001685899827
110.001763905192
110.001763905192
110.001855783222
110.001862636375
110.001862636375
132.000505450374
132.000505450374
132.000783810344
132.000783810344
132.001121201921
132.001139472773
132.001432351562
132.001432351562
132.001784781998
132.001784781999
132.002090659843
132.002143876271
132.002416723035
132.002416723035
132.002720978317
132.002720978318
132.002862487447
132.00293282381
132.003112354877
132.003112354877
132.003157069627
132.003157069627
132.003251323457
