2.63677968348475e-15
1.99999840459441
1.99999860641065
1.99999865043572
5.99999628797336
5.99999661604248
5.99999700638573
5.99999711759633
5.99999768465681
12.0000053854045
12.0000060556239
12.000006445954
12.0000074021906
12.0000081447986
12.0000082644929
12.0000092838149
20.0000637471417
20.0000656529677
20.0000676205302
20.0000694940921
20.0000717386818
20.0000733693851
20.0000758172713
20.0000771344784
20.0000788750958
30.0002656833864
30.0002715094345
30.0002740800756
30.0002777739238
30.00028205793
30.0002882268543
30.000292386821
30.0002927536461
30.0003022789472
30.0003112423636
30.0003252885055
42.0007875644349
42.0007966594416
42.0008140994027
42.00082565716
42.0008286461362
42.0008367583887
42.0008436248619
42.0008596687642
42.0008659935192
42.0008976177846
42.0008996641156
42.0009189404117
42.000946353385
56.0018566411826
56.0019385147514
56.0019756148207
56.0020285103122
56.0020383113742
56.0020719917832
56.0020819559735
56.002114668882
56.0021295444906
56.0021425084391
56.0021563256003
56.0021839380524
56.0021929220616
56.0022625792392
56.0023854571578
72.0041024455622
72.0042314968716
72.0042993291088
72.0043144652849
72.0043399402431
72.0043718546089
72.0044479831252
72.0044997618748
72.0045123530956
72.0045498622474
72.0046067742684
72.0046480179833
72.0046575690564
72.0047539240401
72.0048983791827
72.005060219484
72.005246979615
90.0081475593041
90.0082892906899
90.008430241505
90.0085080311589
90.0086328423908
90.0086495073557
90.0087500995559
90.0088320104919
90.0088918046388
90.0089256053413
90.0089517070867
90.0090902403243
90.0092279786432
90.0093017368606
90.0094358480516
90.0095098270243
90.0096796528351
90.009780732791
90.0100664036212
110.014858974748
110.015152156975
110.015314320181
110.015363598633
110.01572011283
110.015826102273
110.015934090895
110.015996438998
110.016103692064
110.016311677962
110.016526663717
110.016599599483
110.016871598556
110.017006466743
110.017096570944
110.017235869875
110.017359537585
110.017665130092
110.017853369878
110.018055684468
110.018301141807
132.025125150778
132.026020528909
132.026688997113
132.026873996397
132.026997007525
132.027203864151
132.027447947575
132.027809433481
132.027964691749
132.028017837084
132.02821873885
132.028244362535
132.028694477755
132.028974785771
132.02924313847
132.029440691475
132.03002894638
132.030173478476
132.030191821763
132.030714923977
132.031057227719
132.031338688804
132.031812520656
156.042227171181
156.043122873858
156.043440512983
156.043907482384
156.044389822203
156.044847912167
