-4.63074692580624e-15
1.99999999999562
1.9999999999956
1.99999999999427
6.00062439779273
6.00062439779274
6.0011782285878
6.00178018268566
6.00178018268567
12.0033375753701
12.0033556100909
12.0068845629124
12.0068845629125
12.0071610572339
12.0071610572339
12.0084526378051
20.0103900080283
20.0103900080284
20.017336760499
20.0192966572055
20.0207547490508
20.0207547490508
20.0253042152612
20.025977534103
20.0259775341031
30.0244792185331
30.0244792185332
30.0392058140881
30.0392058140883
30.045584715937
30.0458077551245
30.0578190879275
30.0578190879276
30.0602643306572
30.0602643306573
30.0650753713318
42.0484635995836
42.0498368249672
42.0738917168318
42.073891716832
42.0856038289668
42.0856038289668
42.108003254578
42.1094239607132
42.1172373707173
42.1172373707173
42.1272074035378
42.1296753894955
42.1296753894955
56.088312743542
56.0883127435423
56.1256428505326
56.129480958803
56.1456175303257
56.1456175303259
56.1834097226547
56.183409722655
56.200874655065
56.2026683148254
56.226095757626
56.2260957576269
56.2306102643757
56.2306102643763
56.2386926609435
72.1467734712046
72.1467734712047
72.2055052621598
72.20550526216
72.2270558520731
72.237179808467
72.2870743075067
72.287074307507
72.3211692029399
72.3211692029401
72.3585608374017
72.3632568936988
72.3773586267289
72.377358626729
72.3955391565756
72.3955391565758
72.3956138763855
90.2288874514097
90.2304896732529
90.3139347670964
90.3139347670965
90.3512700173834
90.351270017384
90.4198218296849
90.4322069380064
90.4814205799959
90.4814205799965
90.5423543564573
90.5423543564578
90.5742473026611
90.576001371073
90.6091463030936
90.6091463030938
90.6213329630865
90.621332963087
90.6311410216629
110.342904447886
110.342904447886
110.456417164692
110.462890101647
110.511200594527
110.511200594528
110.607647115227
110.607647115227
110.66833470515
110.70726722038
110.778421946965
110.778421946965
110.833471722266
110.833471722267
110.879141784248
110.898701912114
110.918385424756
110.918385424756
110.943507793786
110.943507793787
110.947400972185
132.493514738009
132.49351473801
132.650164393981
132.650164393982
132.718108769343
132.722042812183
132.840411744574
132.840411744575
132.947024569032
132.947024569032
133.067513920611
133.085318997655
133.161230002377
133.161230002378
133.24261270946
133.24261270946
133.293778663402
133.300388996428
133.34676135506
133.346761355061
133.366195447072
133.366195447073
133.377615951496
