-1.06525704567069e-14
2.00012176597409
2.00017723756561
2.24019705765021
6.00119039208009
6.00119418089086
6.00231227182551
6.00312950929655
6.84302361578811
12.0047463199105
12.0082572614996
12.0088145554573
12.0098466366985
12.016525902678
12.0529566148559
18.0088911250377
20.0163941085934
20.0199125673904
20.0208549537185
20.021334077957
20.0283477672313
20.0289313925808
20.2473005103673
21.3738603756922
27.4595517410303
30.0271802858941
30.0429771671529
30.0485023841056
30.0513613421151
30.0575491327841
30.0620581997378
30.0650586085684
30.072450987573
30.0741747985026
30.101117998563
30.3909926305109
42.0883909063396
42.0980816862316
42.10988260499
42.1138902877993
42.1172477906885
42.1239012750763
42.1243569681893
42.1612316371517
42.2264805086766
42.3227932580382
42.5946052715263
-43.7106417997093
51.5355315698527
54.6020694222514
56.1529541966324
56.1719027665933
56.1915484039021
56.2073366951212
56.2085120415825
56.2107131181959
56.2345187677348
56.2418846200598
56.2481181050951
56.3385195239587
57.0194345318099
58.7448244167859
59.8746814807601
61.0539675144162
61.2847257069003
72.1536078282558
72.268482120139
72.325740631536
72.3263071068647
72.332937922948
72.3385761774604
72.3548414554848
72.4058538498727
72.4091049542357
72.5219171855064
73.4469980858356
73.8569210304487
75.0230959037274
79.1843193152049
87.3386701120767
88.1316370808612
90.3116270774801
90.3223574570263
90.3234827359459
90.387003977834
90.4599992051079
90.5966598598353
90.6180099526768
90.6232644812972
90.6312892271592
90.6326536290825
90.6819331410744
91.8145469684129
92.713561210693
92.7467477247611
93.6658538523747
95.0980910638426
97.9608737668528
101.094524019
-103.858116145325
110.352398775019
110.531726119121
110.584303239608
110.607764145108
110.797363071518
110.849977217169
110.860940954156
110.903220080266
110.94035880574
110.999626513209
111.066841863881
111.148936802001
114.101345020344
114.633421856387
115.172152498104
-117.763300262729
120.11699546349
123.736145575931
124.405769026666
129.130789078274
129.691206603335
130.969357851284
132.660862807295
132.765475283539
132.780030118001
132.785142567937
132.855783064656
132.96478206125
133.135537814456
133.181330660214
133.242917518995
133.261961789104
133.367775975238
133.389497824174
133.447723905446
134.287943951896
134.354692202262
135.43709755499
135.777465890055
137.633851487921
140.393013896642
144.65858027114
149.870028757892
150.227063440975
150.703814464964
155.363418132887
156.781624384165
156.906456332026
157.005439117092
157.101634802012
