-1.36002320516582e-15
1.99998094292283
1.99998276375109
1.99998390012563
5.99995662401532
5.9999602973359
5.99996464829285
5.99996820234411
5.99997465922077
12.0000796915761
12.0000849759904
12.000098308383
12.0001065433847
12.000112170133
12.0001228388648
12.0001354303533
20.0008030095848
20.0008437561911
20.0008694564846
20.0009159880963
20.0009334966328
20.0009618579092
20.0010205984727
20.0010593446497
20.0011133501188
30.0031883183349
30.0035315568368
30.0035882917087
30.0036305471625
30.0037053993924
30.0037205239984
30.0038223879057
30.0038711215752
30.0039275664258
30.0041149071411
30.0042593714619
42.0096969414333
42.0100519740193
42.0102144662049
42.0103588937126
42.0106563159228
42.0107197255818
42.0108529805073
42.0110672208988
42.0112620009889
42.0113332052362
42.0118212841878
42.0122633568767
42.0124832859616
56.0238996436087
56.0241745696746
56.024393733645
56.0249771835035
56.0251918392903
56.0254965092714
56.0261941099735
56.0264283087026
56.0268014842898
56.0274743318362
56.0277932726579
56.0283045960918
56.0291859529047
56.0298635169937
56.0306881840733
72.0506038646487
72.0514335863408
72.0519408151213
72.0532204382543
72.053640404376
72.0545561006513
72.0557138260535
72.0567400886533
72.0570622318722
72.0572765391894
72.0578058561043
72.0590699919161
72.0598587558324
72.061131508966
72.0623826218377
72.063740572427
72.06816508937
90.0977999395341
90.1006360846699
90.1018491406248
90.1034283953563
90.1037901132242
90.1056039828631
90.1073423270833
90.1092268409172
90.1095379143206
90.1105179715607
90.111866806438
90.1127379242038
90.1137146217534
90.116915593498
90.1184203604571
90.1197362261843
90.1227869121973
90.1283563816256
90.1315363799765
110.176595715293
110.181094435722
110.182273877013
110.184185612921
110.18845368662
110.190610957549
110.190894034861
110.193862905375
110.19700369789
110.199334246513
110.201507425167
110.202949780611
110.20468297883
110.205667104693
110.210168875209
110.21264846641
110.215716535858
110.221116333988
110.226564482262
110.235639462194
110.241180551986
132.306449375908
132.308640826617
132.312073723973
132.315748258795
132.317539763967
132.32228832883
132.324649745585
132.32817367233
132.332026943565
132.334276871989
132.340066312312
132.342366306978
132.343715598835
132.34847838667
132.353472378394
132.35755079269
132.366505229214
132.369959532941
132.377673134676
132.378236437764
132.390327191211
132.401291804863
132.410099557155
156.48719107575
156.494463002512
156.504847568658
156.50822587177
156.514137413174
156.520051593473
