-4.5702e-11
0.0069093
2
2
2
6
6
6
6
6
12
12
12
12
12
12
12
20
20
20
20
20
20
20
20
20
30.001
30.001
30.001
30.001
30.001
30.001
30.001
30.001
30.001
30.001
30.001
42.002
42.002
42.002
42.002
42.002
42.002
42.002
42.002
42.002
42.002
42.003
42.003
42.003
56.004
56.004
56.004
56.005
56.005
56.005
56.005
56.005
56.005
56.006
56.006
56.006
56.007
56.007
56.007
72.009
72.009
72.009
72.01
72.01
72.01
72.01
72.01
72.012
72.012
72.014
72.014
72.014
72.014
72.015
72.015
72.015
90.018
90.018
90.018
90.02
90.02
90.02
90.021
90.021
90.024
90.024
90.026
90.026
90.026
90.027
90.027
90.027
90.029
90.029
90.029
110.03
110.03
110.03
110.04
110.04
110.04
110.04
110.04
110.04
110.04
110.05
110.05
110.05
110.05
110.05
110.05
110.05
110.05
110.05
110.05
110.05
132.06
132.06
132.06
132.06
132.06
132.06
132.07
132.07
132.07
132.08
132.08
132.08
132.08
132.08
132.08
132.08
132.09
132.09
132.09
132.09
132.09
132.09
132.09
156.1
156.11
156.11
156.11
156.11
156.11
156.11
156.12
156.12
156.12
156.12
156.13
156.13
156.13
156.13
156.14
156.14
156.14
156.14
156.15
156.15
156.15
156.15
156.15
156.15
182.17
182.17
182.17
182.18
182.18
182.18
182.19
182.19
182.2
182.2
182.2
182.2
182.21
182.21
182.21
182.21
182.21
182.22
182.23
182.23
182.23
182.23
182.24
182.24
182.25
182.25
182.25
210.27
210.27
210.27
210.28
210.28
210.29
210.29
210.3
210.3
210.3
210.31
210.32
210.32
210.32
210.33
210.33
210.34
210.34
210.34
210.34
210.34
210.36
210.36
210.37
210.37
210.37
210.39
210.39
210.39
240.4
240.41
240.41
240.41
240.42
240.42
240.42
240.44
240.45
240.45
240.46
240.46
240.46
240.49
240.49
240.5
240.5
240.5
240.52
240.53
240.53
240.53
240.54
240.54
240.55
240.56
240.56
240.57
240.57
240.6
240.6
272.54
272.58
272.58
272.61
272.61
272.61
272.63
272.63
272.64
272.64
272.66
272.68
272.68
272.69
272.7
272.73
272.73
272.73
272.75
272.76
272.76
272.79
272.79
272.81
272.83
272.83
272.84
272.84
272.85
272.85
272.9
272.9
272.91
306.77
306.77
306.86
306.86
306.86
306.89
306.89
306.92
306.93
306.94
306.97
306.97
306.98
306.98
306.99
306.99
307.02
307.02
307.05
307.05
307.12
307.12
307.14
307.14
307.16
307.19
307.19
307.22
307.25
307.26
307.26
307.26
307.28
307.36
307.36
342.99
343.1
343.1
343.16
343.23
343.23
343.24
343.27
343.27
343.32
343.32
343.33
343.35
343.39
343.39
343.39
343.43
343.43
343.44
343.48
343.51
343.51
343.61
343.61
343.61
343.67
343.72
343.72
343.77
343.77
343.79
343.83
343.88
343.88
343.91
343.91
344.05
381.52
381.52
381.59
381.59
381.63
381.63
381.73
381.74
381.74
381.8
381.8
381.83
381.86
381.86
381.89
381.89
381.91
381.96
381.97
381.97
381.98
382.1
382.1
382.1
382.23
382.23
382.28
382.42
382.42
382.45
382.49
382.51
382.51
382.67
382.68
382.68
382.81
382.89
382.89
422
422
422.13
422.16
422.16
422.22
422.23
422.23
422.3
422.37
422.37
422.52
422.56
422.56
422.58
422.61
422.65
422.65
422.72
422.72
422.75
422.76
422.76
422.8
422.8
422.97
422.99
423.19
423.19
423.38
423.38
423.42
423.46
423.52
423.52
423.7
423.81
423.81
424.04
424.04
424.23
464.65
464.66
464.8
464.8
464.88
464.97
464.97
465.06
465.06
465.1
465.17
465.23
465.23
465.35
465.39
465.39
465.48
465.48
465.63
465.63
465.66
465.68
465.76
465.77
465.83
465.83
465.95
465.95
466.29
466.37
466.37
466.55
466.55
466.7
466.85
466.85
467.05
467.24
467.24
467.44
467.46
467.84
467.84
509.27
509.27
509.42
509.72
509.72
509.72
510.03
510.05
510.05
510.2
510.2
510.3
510.3
510.32
510.38
510.51
510.51
510.65
510.66
510.66
510.68
510.92
510.97
510.97
511.14
511.19
511.19
511.33
511.33
511.77
511.77
511.78
511.81
512.22
512.22
512.45
512.49
512.84
512.84
513.04
513.3
513.3
513.81
513.81
514.2
556.2
556.2
556.8
556.85
556.85
556.92
556.92
557.16
557.21
557.24
557.24
557.44
557.5
557.5
557.84
557.84
557.85
557.91
558.02
558.02
558.3
558.3
558.4
558.54
558.65
558.65
558.94
559.11
559.11
559.23
559.51
559.54
559.54
559.8
559.8
559.91
560.55
560.55
560.77
561.04
561.04
561.94
561.94
562.21
562.63
562.67
562.67
605.18
605.48
605.61
605.61
605.65
605.65
605.77
606
606.42
606.42
607
607.06
607.06
607.66
607.66
607.85
607.91
607.95
607.95
608.08
608.11
608.11
608.53
608.63
608.63
608.71
609.23
609.23
609.31
609.31
609.32
609.67
609.72
609.72
610.25
610.3
610.3
611.14
611.14
611.52
611.53
611.53
612.27
613
613.67
613.68
613.68
614.3
614.3
656.52
656.52
657.13
657.33
657.44
657.44
658.25
658.56
658.56
658.65
658.74
658.76
658.76
659.05
659.05
659.61
659.61
659.78
659.78
659.84
660.21
660.44
660.44
660.76
660.77
661.16
661.16
661.8
661.8
661.96
662.09
662.09
663.11
663.16
663.16
663.27
663.52
663.52
663.82
664.42
664.42
664.84
665.03
666.18
666.18
666.38
666.38
667.81
668.4
668.94
668.94
710.26
710.26
711.12
711.12
711.38
712.05
712.05
712.2
712.49
712.78
712.78
713.26
713.26
713.52
713.58
713.64
713.64
714.19
714.19
714.38
714.38
714.5
715.04
715.49
715.63
715.63
715.96
715.96
716.7
717.22
717.22
717.4
718.84
718.85
718.85
718.9
719.17
719.17
720.09
720.26
720.26
720.44
721.24
721.24
722.1
722.64
722.64
723.61
723.61
724.48
725.52
725.52
726.16
765.23
767.07
767.62
767.62
768.42
768.59
768.59
768.77
768.77
769.12
769.12
769.22
769.24
769.81
770.08
770.13
770.13
770.24
770.24
770.75
770.83
770.83
772.56
772.81
772.81
773.44
773.46
773.46
775
775
775.49
775.54
776.79
776.79
777.41
777.41
777.66
778.18
778.29
778.29
779.18
779.93
779.93
780.56
780.56
780.86
782.08
782.11
782.11
783.99
783.99
784.31
785.68
785.68
785.88
823.34
823.34
824.64
826.91
826.91
826.94
827.35
827.35
828.11
828.12
828.43
828.54
828.54
828.98
828.98
829.48
829.48
829.95
829.95
830.1
830.4
831.04
832.12
832.12
833.35
833.6
833.6
833.81
834.83
834.83
835.96
835.96
837.17
837.56
838.55
838.55
839.57
839.57
839.67
839.81
840.89
840.89
841.95
841.95
842.84
843.64
843.87
843.87
844.76
845.17
845.17
846.36
846.36
846.54
850.2
850.2
850.21
883.74
883.74
886.93
887.03
887.03
887.91
888.81
888.81
889.82
889.82
890.14
890.15
890.72
890.72
891.12
891.12
891.49
891.49
891.79
892.47
893.37
893.37
893.76
895.26
895.26
896.67
897
897
897.91
898.35
898.58
898.87
898.87
900.4
900.4
903.66
903.77
903.77
904.37
904.37
904.8
905.24
906.85
906.85
908.2
908.37
908.37
909.69
910.84
911.06
911.06
911.6
912.19
912.19
912.65
912.65
915.21
917.24
917.24
940.89
950.9
950.9
951.16
952.3
952.3
952.6
952.86
953.66
953.66
953.99
953.99
955.33
955.46
955.74
955.74
956.15
956.15
956.18
957.53
957.54
957.54
959.92
960.57
960.57
961.36
962.32
962.32
963.69
963.69
963.88
966.55
966.55
966.79
967.2
967.2
968.03
970.46
970.46
972.69
972.69
973.7
974.93
975.69
975.69
975.69
977.67
978.02
978.02
979.87
979.87
980.01
981.65
981.65
982.59
982.98
982.98
984.09
985.06
985.06
988.81
1012.4
1012.4
1013.2
1017.5
1017.5
1017.7
1019.3
1019.3
1019.6
1019.7
1021
1021
1022
1022
1022.7
1022.9
1022.9
1023.5
1025.3
1025.3
1028
1028
1028
1028.5
1028.5
1029.3
1030.8
1031
1031
1032
1035.5
1035.5
1036
1036.7
1037.2
1037.2
1037.5
1038.9
1038.9
1043.9
1044
1044
1044.5
1044.5
1046.5
1048.2
1049.4
1049.4
1049.9
1049.9
1050.2
1053.2
1054.4
1054.4
1055.1
1055.8
1055.8
1056
1056
1056.7
1059.9
1059.9
1061.9
1079.7
1079.7
1084.5
1084.8
1084.8
1086.8
1086.8
1088
1089.4
1090.6
1090.6
1091.5
1092.4
1092.4
1093
1094.4
1094.4
1094.7
1095.2
1095.2
1097
1097
1098.7
1099.3
1099.3
1099.9
1101.8
1103.4
1103.4
1103.5
1105.4
1105.4
1109.7
1109.7
1110.8
1110.8
1110.8
1111.2
1112.9
1112.9
1113.6
1117.5
1120.6
1121.7
1121.7
1121.9
1121.9
1122.1
1125.5
1125.5
1125.7
1127.1
1127.1
1130.8
1130.8
1131.3
1131.4
1131.4
1131.7
1135.2
1135.9
1135.9
1138.5
1139.2
1139.2
1139.9
1154.4
1154.4
1157.4
1159.5
1159.5
1161.7
1161.9
1161.9
1162.1
1162.4
1163.5
1163.5
1165.4
1165.6
1165.6
1166.3
1166.3
1167.7
1169.9
1171.1
1171.1
1172
1173
1173
1173.2
1176.4
1176.4
1178.6
1178.6
1181.3
1182
1183.5
1183.5
1186.3
1186.3
1187.2
1188.2
1188.6
1188.6
1191.3
1194.2
1194.2
1197.1
1197.4
1197.4
1201.1
1201.1
1201.8
1201.8
1204.2
1204.2
1205.3
1205.5
1205.5
1212.4
1212.4
1215.6
1216
1216
1216.6
1217.4
1219.8
1219.8
1221
1221.5
1221.5
1224
1224
1224.4
1230.9
1231.9
1231.9
1234.3
1234.3
1235.4
1237.6
1238.7
1240.1
1240.1
1240.5
1240.5
1243.6
1243.6
1244.8
1244.8
1246.2
1246.5
1247.7
1247.7
1249.3
1249.3
1253.4
1255.2
1255.6
1255.6
1258.9
1258.9
1259.1
1260.9
1261.4
1263.7
1263.7
1265.7
1266.9
1266.9
1271.1
1272.1
1272.1
1276.2
1276.2
1276.4
1278.4
1278.4
1281
1281.9
1281.9
1284.4
1285.2
1285.2
1286.3
1291.8
1291.9
1291.9
1300.8
1300.8
1302.2
1303
1304
1305.2
1305.2
1305.2
1305.2
1305.4
1305.4
1307.8
1307.8
1308.5
1308.5
1308.9
1312
1312.6
1314.4
1314.4
1314.6
1314.6
1316.1
1316.7
1318.7
1318.7
1321.7
1324.4
1324.4
1327.1
1327.1
1327.5
1328.2
1328.2
1328.7
1330.3
1330.9
1330.9
1331.7
1336.3
1336.3
1338.1
1338.1
1340.9
1344.1
1345
1345
1345.3
1348.3
1348.3
1352.5
1352.5
1354.9
1355.8
1355.8
1358.8
1361.2
1363.7
1363.7
1365
1365
1369.8
1369.8
1370.7
1372.6
1375
1375
1376.9
1378.7
1380.2
1382.7
1382.7
1386.4
1389.5
1389.5
1390.8
1390.8
1391.3
1392.9
1392.9
1393.3
1393.3
1393.9
1396.4
1396.4
1397
1397
1399
1400.1
1401.3
1402.3
1402.3
1403.6
1404.1
1404.1
1404.9
1405.1
1405.6
1405.6
1407
1407
1407.8
1410.8
1410.9
1412.3
1412.3
1413.5
1414.7
1414.7
1418.6
1418.6
1419.6
1422.2
1422.2
1425.6
1427.5
1427.5
1432.7
1432.9
1432.9
1433.8
1433.8
1440.5
1445.3
1447.7
1447.9
1447.9
1448.2
1448.2
1448.8
1455.8
1455.8
1456.9
1459.5
1459.5
1463.1
1464
1464
1464.3
1464.3
1467.8
1470.3
1470.3
1473.4
1473.4
1474.6
1475.4
1475.4
1477.8
1478.7
1479.6
1480.2
1480.2
1481.4
1481.5
1481.5
1485.1
1485.1
1485.6
1489.6
1490.1
1490.1
1491.4
1493.4
1493.4
1495
1495
1495.1
1495.2
1495.7
1495.7
1496.9
1496.9
1497
1500.9
1500.9
1501.1
1501.8
1503.3
1503.3
1504.7
1505.9
1506.1
1506.1
1509.1
1509.1
1510.2
1517.5
1517.5
1520
1520
1524.7
1525.4
1525.4
1526.3
1528.9
1533.8
1533.8
1536.5
1539.6
1539.7
1539.7
1542.1
1547.2
1547.2
1550.4
1550.4
1550.9
1550.9
1554
1557.5
1560.4
1560.4
1560.8
1560.8
1562.4
1563
1563
1565.9
1566.5
1566.5
1567.6
1567.8
1567.8
1572.7
1572.7
1573.3
1575.6
1575.6
1576.9
1577.3
1579.4
1580.3
1580.3
1580.8
1580.9
1580.9
1585.2
1585.2
1585.2
1585.2
1585.3
1588.8
1588.9
1589.7
1589.7
1593.7
1593.7
1594.1
1594.1
1598
1598.3
1598.3
1598.9
1599.3
1599.3
1599.4
1602.6
1602.6
1603.3
1607.5
1609.6
1613.2
1613.2
1613.6
1614.8
1614.8
1619.7
1619.7
1623.6
1623.6
1630.2
1633.3
1633.3
1635
1636.3
1637.5
1637.5
1640.6
1641.7
1641.7
1642.8
1647.5
1647.8
1647.8
1649
1649.4
1651.4
1651.4
1652.3
1656.6
1657
1657
1657.9
1657.9
1659
1659
1662.5
1666.1
1666.8
1666.8
1667.7
1667.7
1670.1
1671.2
1671.2
1674
1674
1678.5
1678.6
1679.4
1679.4
1680.1
1680.1
1680.7
1684.6
1688.4
1688.6
1688.6
1689.1
1691.2
1691.2
1693.4
1695.2
1695.2
1695.4
1695.4
1699
1699
1699.1
1701.4
1701.4
1704.3
1706.7
1706.7
1706.8
1706.8
1710.1
1714.6
1715
1716
1716
1718.4
1719.6
1719.6
1719.8
1719.8
1720.7
1722
1725.9
1725.9
1734.5
1734.5
1737.6
1737.6
1738.1
1739.7
1739.7
1740.5
1741.4
1746.7
1746.7
1748.6
1751.6
1752
1752
1752.9
1753.4
1753.4
1756.2
1757.1
1758
1758
1758
1758
1758.7
1762.7
1762.7
1764.6
1764.6
1767.3
1768
1768
1768.6
1768.6
1774.5
1777.6
1777.6
1778.2
1779
1779.7
1779.7
1782.9
1784.4
1784.4
1784.5
1785.4
1788
1793.5
1793.5
1797
1797
1799.9
1799.9
1802.6
1802.6
1803.5
1803.9
1804.3
1808.7
1808.7
1810.9
1811.3
1811.3
1812.6
1817
1817
1817.5
1819
1823.8
1823.8
1823.9
1823.9
1824.7
1825.8
1830.7
1830.7
1833.5
1833.5
1837.8
1839.5
1839.5
1845.5
1845.5
1846.7
1847.7
1848.1
1849.1
1849.1
1850
1850
1850.5
1850.5
1851.5
1851.5
1852.9
1856.5
1856.5
1857.9
1859
1860.9
1860.9
1865.9
1865.9
1866.3
1866.3
1868
1868
1869.8
1870.2
1872.4
1872.4
1873.2
1877.3
1879.5
1879.5
1881.2
1881.2
1881.4
1882.6
1882.6
1887
1890.7
1890.9
1895.7
1895.7
1899.4
1900.8
1900.8
1904.5
1904.6
1904.6
1905.5
1906.9
1906.9
1910.5
1912.1
1912.1
1916.5
1916.5
1919.3
1925.9
1925.9
1926
1926.2
1931.5
1931.5
1932.1
1933.7
1933.8
1933.8
1933.9
1935.1
1935.1
1938.7
1938.7
1939
1944.6
1944.7
1945.1
1946.4
1946.4
1947.3
1950.5
1950.5
1950.7
1950.7
1952.5
1952.5
1953
1954.9
1954.9
1956.8
1956.8
1957.5
1960.3
1967.8
1967.8
1967.9
1967.9
1973.7
1973.8
1977.6
1977.6
1977.9
1977.9
1979.6
1980
1981.2
1984
1984
1985.4
1986
1986
1993
1994.5
1994.5
1996
1997.2
1997.2
1997.4
1997.4
2002.8
2002.8
2003
2004.2
2008.4
2013.2
2013.2
2015.4
2015.4
2018.6
2018.6
2021
2021
2021.5
2021.6
2021.6
2029.8
2029.8
2030.6
2032.4
2032.4
2036.4
2036.4
2039.6
2039.6
2041
2042
2042.4
2047.8
2049.2
2050.1
2050.1
2050.8
2052.6
2052.6
2053.1
2053.1
2055
2057.2
2057.2
2060.8
2061.2
2061.2
2063.3
2066.6
2067.3
2067.3
2070.9
2070.9
2070.9
2073
2073
2076.5
2076.5
2076.8
2077
2079.3
2080.5
2084.6
2084.6
2086.9
2088.4
2090.1
2090.1
2091.8
2091.8
2094.4
2096.5
2097.8
2100
2100
2100.9
2100.9
2102.8
2102.8
2103.5
2106.7
2106.7
2113.2
2113.2
2114.4
2120.3
2120.3
2124.4
2124.6
2124.6
2126.6
2126.6
2126.6
2130.4
2130.4
2130.6
2131.6
2131.8
2135.9
2135.9
2139.6
2141.8
2141.8
2146
2146.3
2146.3
2150.1
2150.1
2150.5
2154.3
2155.3
2157.3
2157.3
2158.5
2159.7
2159.7
2161.1
2166.8
2166.8
2170.1
2170.4
2170.4
2171.4
2174.3
2174.3
2175.9
2176.6
2176.6
2179.7
2179.7
2182.6
2185.2
2187
2187
2187.1
2187.1
2189.3
2189.3
2195.9
2195.9
2201.9
2201.9
2202.7
2202.7
2204.5
2204.6
2205.5
2205.5
2208.1
2212
2212.2
2212.2
2216.2
2216.2
2218.9
2218.9
2219
2219.6
2223.1
2229.1
2229.1
2230
2230
2230.8
2231
2231
2231.9
2236
2238.3
2242.5
2242.7
2242.7
2246.1
2246.1
2246.2
2247.7
2247.9
2247.9
2249.9
2253.9
2255.8
2255.8
2258
2258.2
2258.2
2264.2
2264.2
2268.8
2271.3
2271.6
2271.6
2272
2272.1
2272.1
2276.7
2276.7
2278.6
2279.2
2280
2280
2282.2
2282.2
2285.8
2288.5
2288.5
2288.6
2292.3
2292.3
2292.9
2295.1
2295.3
2295.3
2301.7
2301.7
2308.9
2308.9
2311.8
2314.2
2315.3
2315.3
2317.1
2317.1
2319.5
2319.5
2320.5
2320.5
2321.6
2321.6
2322.9
2323.2
2323.2
2326.9
2326.9
2331.2
2336.6
2336.6
2336.8
2336.9
2338.2
2338.2
2338.6
2339.1
2348.7
2350
2350.1
2350.1
2355
2355
2356
2356
2357.5
2358
2358
2358.8
2361.1
2361.4
2361.4
2365.3
2365.3
2367.2
2367.2
2371.8
2371.8
2376.2
2376.2
2383.1
2384.3
2384.3
2384.3
2387.5
2387.5
2391.5
2391.6
2392.9
2397.1
2397.1
2398.8
2399.1
2399.1
2403
2403
2403.3
2404.6
2405.2
2407.6
2409.5
2409.5
2410.8
2410.8
2413.2
2413.5
2421.7
2421.7
2422.2
2422.2
2424.2
2427.2
2427.2
2427.4
2427.6
2432.1
2432.1
2437.7
2439.5
2441
2441
2441.8
2442
2442
2447.8
2447.8
2449.4
2450.3
2450.3
2451.7
2451.7
2459.6
2459.9
2459.9
2463.1
2463.9
2464.6
2464.6
2466.6
2466.6
2470
2470.6
2471.6
2471.6
2473.8
2473.8
2479
2479.4
2483.2
2483.9
2484.2
2484.2
2485.4
2485.4
2491.6
2491.6
2491.6
2491.8
2491.8
2493.1
2493.1
2494.8
2498.8
2498.8
2506.1
2506.1
2510.7
2511.4
2511.4
2517.1
2517.1
2517.8
2517.9
2520.3
2522.6
2522.6
2525.5
2525.5
2528.4
2528.4
2529.6
2529.6
2532.9
2533.3
2534.8
2534.8
2538.3
2538.3
2541.3
2541.5
2544.3
2544.3
2545.5
2548
2548
2548.9
2548.9
2551.3
2551.7
2554.9
2554.9
2560
2560.3
2563.3
2565.3
2565.3
2568.1
2568.1
2570.8
2570.9
2570.9
2571.5
2571.5
2576.7
2581.6
2585.1
2585.1
2588.3
2588.9
2588.9
2590
2594.3
2594.3
2595.8
2603.5
2606.1
2606.3
2606.3
2607.9
2607.9
2610.1
2610.4
2612.4
2612.4
2614.9
2616
2616
2616.5
2616.5
2618.7
2618.7
2621.5
2621.9
2626.3
2627.2
2628
2628
2631.2
2632.1
2632.1
2632.2
2633.5
2633.5
2634.4
2639.1
2639.1
2644.5
2646
2646.6
2646.6
2648.5
2648.5
2651.2
2651.2
2651.5
2651.5
2652.6
2656.1
2661
2661
2670.5
2671.9
2671.9
2672.3
2672.3
2673.3
2678.9
2678.9
2679.8
2679.8
2686.2
2688.2
2688.2
2691.3
2691.7
2691.7
2694.1
2694.1
2696.6
2698.7
2700.8
2700.8
2701.3
2705.1
2707.1
2708.4
2708.4
2710.5
2710.5
2711.5
2718.1
2718.1
2719.7
2723.7
2726.2
2726.2
2726.4
2726.4
2729.4
2731.4
2731.4
2731.7
2735.7
2735.7
2740.8
2742.7
2742.8
2742.8
2746.2
2746.2
2747.1
2748.8
2748.8
2750.5
2750.5
2751.3
2753
2753.4
2753.4
2755.3
2755.3
2758.6
2761.9
2761.9
2764.4
2764.4
2767.3
2767.3
2769.3
2773.8
2776
2776
2776.6
2783.9
2783.9
2783.9
2786.7
2786.8
2786.8
2789.2
2789.2
2791.7
2796.4
2799.1
2803.8
2803.8
2804.9
2804.9
2808.1
2808.8
2809.2
2809.2
2813.8
2815.1
2815.1
2816.8
2816.8
2817.1
2824.7
2828
2828
2833.6
2833.6
2835.4
2838
2838
2839.1
2839.1
2840
2840
2844.6
2844.6
2846
2846
2852.2
2853.6
2853.9
2853.9
2859.4
2859.4
2860.7
2863.7
2863.7
2866.1
2866.1
2867.8
2871.5
2873.7
2874.4
2874.4
2875.5
2878.5
2878.9
2879
2883.2
2883.2
2883.2
2883.2
2885.9
2885.9
2888.3
2888.3
2892.8
2893.9
2893.9
2895.5
2895.5
2895.8
2900.1
2906.8
2906.8
2907.3
2908.3
2908.3
2909.1
2913.7
2913.7
2916.1
2916.1
2919.4
2919.4
2922.6
2922.9
2923
2923
2928.3
2932.6
2935.1
2938.3
2938.3
2938.9
2938.9
2943.7
2944
2946.6
2946.6
2946.7
2950.2
2951.2
2951.2
2957
2960.3
2960.3
2960.3
2960.3
2962.8
2964.1
2966.3
2970
2970
2970.2
2971
2973.6
2973.6
2979
2979
2981
2981
2984.5
2984.5
2985.6
2991.2
2991.2
2991.3
2992.9
2998.2
3001
3001
3001.8
3003.2
3003.4
3004.7
3004.7
3013.1
3013.1
3016.7
3016.7
3019.9
3019.9
3021.6
3021.6
3022.2
3027.4
3027.4
3028.6
3032.6
3032.6
3034.5
3035.8
3035.8
3037.5
3041.3
3041.3
3045.2
3045.7
3045.7
3047.7
3047.7
3050.7
3050.7
3054.6
3054.6
3055.3
3057.9
3057.9
3058.6
3058.6
3063.9
3063.9
3064
3069.2
3070.7
3075.7
3076.8
3078.9
3078.9
3080.7
3080.7
3081.9
3085.2
3085.2
3087.2
3087.2
3092.8
3098.3
3098.3
3099
3103.3
3103.3
3104
3104.1
3105.1
3105.1
3105.3
3106.7
3106.7
3107.6
3118.4
3118.4
3118.6
3118.6
3121.5
3122.7
3129.3
3129.3
3129.6
3129.6
3132.7
3132.7
3137.8
3138.1
3138.4
3138.4
3138.8
3140.6
3142.5
3145.6
3145.6
3146
3146
3149.7
3153.2
3153.2
3156.5
3160.1
3161.3
3164.7
3164.7
3165.7
3165.7
3168.9
3168.9
3173.8
3173.8
3173.8
3174.8
3181.5
3181.5
3182.2
3182.2
3182.3
3182.5
3183.8
3183.8
3186.8
3186.8
3190.8
3195.6
3195.6
3195.8
3195.8
3197.2
3200.7
3200.7
3207.1
3207.8
3207.8
3209.1
3209.1
3211.3
3213.4
3213.4
3216.7
3219.4
3221.9
3222
3222
3231.3
3232.7
3232.7
3233.5
3233.9
3233.9
3236.8
3236.8
3239.2
3242
3242.3
3242.3
3243.3
3244.9
3244.9
3249.4
3249.4
3255
3255
3256.9
3256.9
3257.1
3258.6
3265.9
3268.6
3269
3272.6
3274.4
3274.4
3275.7
3275.7
3280.6
3284.5
3286.4
3286.5
3286.5
3287.3
3287.3
3288.3
3294.8
3296.3
3296.3
3297.4
3299.7
3299.9
3299.9
3301.2
3301.2
3305.1
3305.1
3307.7
3307.8
3308.4
3308.4
3317.1
3320.7
3321
3321
3321.2
3321.2
3322.2
3329.4
3329.9
3329.9
3331.9
3334.4
3334.4
3340
3340
3340.6
3342.4
3342.4
3342.5
3342.5
3343.7
3343.7
3345.6
3353.6
3353.6
3353.6
3353.6
3355.8
3360.3
3365.3
3365.3
3369.2
3373.8
3373.8
3374
3374
3377.4
3377.4
3382.7
3383.1
3384.9
3388.5
3388.5
3389.1
3389.1
3391.6
3391.6
3394
3394.9
3396.2
3399.3
3399.3
3399.4
3399.4
3400.1
3401.5
3408.3
3410.8
3410.8
3413.3
3413.3
3416.3
3416.3
3422.7
3424.1
3427.3
3427.3
3430.7
3430.7
3434.4
3436.5
3436.5
3436.6
3436.6
3440.5
3440.5
3447.9
3447.9
3447.9
3448.2
3450.1
3451.8
3451.8
3456.8
3456.8
3457.5
3457.8
3457.8
3464
3464
3473.4
3473.4
3473.6
3476.4
3476.4
3478
3478.9
3483.8
3483.8
3486.3
3487.4
3487.4
3491.5
3492
3494.3
3494.3
3495.6
3499.6
3499.6
3502.2
3511.5
3512.4
3513.4
3513.4
3514.3
3515.5
3515.5
3522.5
3522.5
3525.1
3525.7
3530
3530
3532.5
3532.5
3534.5
3541.5
3544.4
3544.4
3545
3545
3547.1
3547.1
3547.1
3547.1
3550.9
3554.5
3555.4
3559.9
3559.9
3559.9
3562.9
3562.9
3567.2
3567.5
3568.5
3568.5
3569.9
3569.9
3573.5
3573.5
3573.5
3576.3
3576.3
3578
3578
3580.8
3582.2
3586.5
3589.6
3589.6
3595.5
3597.9
3601.5
3601.6
3601.6
3607.8
3607.8
3608
3608
3608.1
3608.8
3608.8
3611.2
3611.2
3613.3
3613.3
3618.3
3621.2
3621.2
3623.6
3630.3
3632.3
3632.3
3632.9
3634.7
3634.7
3649.9
3650.7
3650.7
3652.7
3652.7
3654.2
3658.9
3660.4
3660.4
3663.9
3663.9
3668.1
3668.1
3671.8
3674
3674.3
3674.3
3680.8
3680.8
3683.8
3683.8
3685.1
3685.1
3685.4
3685.7
3688.7
3688.7
3689.8
3690.7
3693.5
3693.5
3699.3
3699.9
3705.8
3705.8
3710.7
3710.7
3711
3711.8
3712
3714.2
3714.2
3719.6
3720.2
3720.2
3722.4
3722.4
3725.1
3725.1
3727.1
3729.9
3729.9
3734.7
3735.5
3735.5
3736.1
3739.8
3739.8
3742.5
3745.5
3746.4
3746.4
3748.2
3748.2
3754.9
3754.9
3761.7
3761.7
3763.8
3764.7
3765.1
3767.4
3767.4
3767.5
3772.5
3772.5
3776.5
3779.4
3779.4
3781
3781
3782.8
3783.7
3788.7
3788.7
3791.1
3792.3
3792.3
3794.2
3794.2
3794.3
3798.5
3804.2
3804.2
3808.3
3808.7
3808.7
3810.1
3814.6
3814.6
3816.4
3817.5
3817.5
3818.5
3825.7
3829.2
3829.2
3829.6
3829.6
3831.2
3831.2
3834.9
3834.9
3836.7
3837.2
3838
3844.1
3844.8
3853.3
3853.3
3853.7
3855.4
3855.4
3855.5
3856.1
3856.8
3856.8
3861.5
3861.5
3865.3
3865.3
3870.7
3870.7
3871.3
3872.2
3872.2
3879.9
3879.9
3882.9
3882.9
3883.5
3885.7
3885.7
3892.6
3895
3895.8
3895.8
3896.3
3896.3
3902.8
3905.6
3911.2
3911.4
3911.5
3911.5
3912.9
3912.9
3917.7
3917.7
3921.9
3922.1
3922.7
3922.7
3926
3926
3927.4
3929.1
3935.9
3938.9
3938.9
3940.9
3940.9
3945.5
3946.3
3951.7
3952.3
3952.3
3955.1
3955.1
3955.4
3962.4
3962.4
3969.5
3969.5
3969.9
3972.8
3974.2
3974.2
3983.1
3983.4
3983.8
3983.8
3987
3991.4
3991.4
3994.8
3994.8
3996.1
4000.2
4000.2
4004.6
4005.8
4006.4
4008
4008
4011
4011
4011.8
4011.8
4018.8
4023.3
4023.3
4024.3
4024.3
4032.4
4034.1
4034.6
4034.6
4038.7
4038.7
4043.8
4043.8
4044.6
4046.3
4046.3
4054.5
4055.2
4055.5
4055.5
4056.3
4056.3
4059.9
4067
4074
4074
4076.5
4078.6
4078.6
4082.6
4086
4087.1
4087.1
4090.4
4090.4
4093.1
4093.8
4094
4094
4095.6
4095.6
4097.6
4098.5
4098.5
4100.9
4104.7
4107.6
4107.6
4115
4119.6
4119.6
4121.9
4121.9
4123.6
4124.1
4126
4126
4126.8
4135.5
4136.9
4136.9
4139.9
4139.9
4149.2
4149.2
4152.5
4152.5
4153.3
4162
4162
4164.4
4164.7
4166.2
4166.6
4166.6
4171.4
4172.7
4172.7
4172.9
4172.9
4178.1
4178.1
4182.2
4186.1
4186.1
4187.3
4189.2
4192.6
4192.6
4192.7
4192.7
4199.1
4199.1
4199.1
4200.9
4200.9
4203.6
4203.6
4205.5
4214.3
4219.3
4220.1
4221.8
4221.8
4228.5
4228.5
4230.6
4230.6
4231.7
4232.2
4236.2
4238.4
4243.4
4243.4
4244
4247.1
4247.1
4248.5
4250
4250
4250.6
4250.6
4258.7
4258.8
4258.8
4260.6
4262.6
4263.3
4263.3
4265.4
4273.3
4273.3
4274
4290.1
4293.2
4293.3
4293.3
4294.7
4294.7
4298.5
4301.4
4310.2
4310.2
4316
4316
4316.3
4316.3
4316.3
4321.3
4321.3
4321.3
4326.1
4326.1
4328.8
4328.8
4331.4
4335.2
4340
4341.1
4341.1
4341.1
4341.1
4341.7
4341.7
4342.5
4342.5
4349.8
4353.9
4362.3
4362.3
4367
4367.8
4369.2
4369.2
4370.3
4377.9
4378.5
4378.5
4378.8
4380.9
4380.9
4381
4388.6
4397.8
4398.1
4398.1
4399
4399
4406.9
4406.9
4410.6
4411.3
4412.2
4412.2
4413.2
4413.2
4419.9
4419.9
4421
4421
4422.6
4426.4
4426.4
4434.2
4434.6
4434.6
4436.7
4443
4444.2
4444.2
4448.4
4448.4
4448.7
4448.7
4451.4
4451.4
4452.8
4454
4454.4
4462.9
4463.7
4463.7
4469.2
4469.2
4471.5
4473
4473
4475.4
4475.4
4477.9
4480.3
4482.1
4492.7
4492.7
4497.4
4498.1
4500.2
4500.2
4502.9
4502.9
4502.9
4505.6
4505.6
4508.1
4508.3
4508.3
4508.3
4514.2
4514.2
4515.6
4523.3
4523.3
4523.4
4530.9
4532.2
4532.2
4532.3
4532.3
4533
4536.6
4536.6
4540.5
4540.5
4548.8
4549
4549
4550.3
4553.8
4553.8
4554.9
4561.7
4561.7
4562.1
4562.4
4562.4
4570.1
4570.1
4573
4573
4575.2
4578.4
4585.6
4585.6
4586.3
4587.5
4587.5
4591
4591
4596.9
4596.9
4597.5
4597.5
4597.8
4601.2
4602.7
4602.7
4602.8
4612
4612
4614.5
4614.7
4614.7
4617.8
4619.4
4627
4627
4630.2
4631.6
4631.6
4633.5
4640.1
4640.1
4640.4
4648.5
4648.5
4652.4
4652.4
4653
4654.8
4657.3
4657.3
4660.5
4660.5
4661.8
4664.8
4664.8
4666.7
4670.2
4683
4683
4684.9
4684.9
4685.5
4687.2
4687.2
4691.5
4691.6
4703.9
4703.9
4704.8
4704.8
4708.5
4708.5
4709
4711
4711.1
4711.1
4713
4723.9
4723.9
4726
4727.3
4731
4731
4731.7
4731.7
4732.1
4736.6
4736.6
4743.1
4751.7
4752.2
4752.2
4753.7
4753.7
4754.5
4761.2
4761.2
4763.1
4763.1
4765.4
4768.7
4768.7
4771.5
4772.6
4776.6
4776.6
4779.9
4779.9
4781.9
4782.6
4782.6
4783.2
4792.9
4792.9
4794.7
4795.1
4795.7
4795.7
4798.5
4803.2
4803.2
4803.4
4803.4
4806.3
4806.3
4809.6
4812
4814.8
4820.2
4821.3
4822
4831.2
4833.1
4833.1
4844.4
4844.4
4844.7
4848.8
4848.8
4854.1
4857.1
4857.1
4864.4
4864.4
4866
4866
4866.5
4869.7
4869.7
4869.9
4870.1
4870.1
4873.1
4874.3
4874.3
4876.9
4881.6
4882.8
4882.8
4899.8
4899.8
4903.3
4903.3
4905
4905.2
4912.9
4912.9
4916.2
4921.8
4921.8
4925.7
4927.7
4931.8
4935.1
4935.1
4936.9
4936.9
4938.2
4947.6
4947.6
4953.8
4954.8
4954.8
4961
4961.2
4964
4964
4966.3
4968.6
4968.6
4971.3
4971.3
4973
4975.8
4977.5
4977.5
4980.5
4980.5
4991.6
4991.6
4992.7
4992.7
4995.6
4995.6
4996.4
5007.8
5007.8
5008.1
5013.2
5016.5
5016.5
5020.6
5021.6
5021.6
5022.3
5024.6
5024.6
5033.2
5034.3
5034.3
5034.8
5041.2
5048.8
5048.8
5052.7
5052.7
5053.4
5054.4
5054.4
5057.4
5057.6
5057.6
5062.7
5063.1
5069.7
5073.1
5074.2
5074.2
5077.2
5077.2
5079.4
5084.7
5084.7
5088.3
5091.6
5095.9
5095.9
5099.7
5099.7
5100.1
5106.2
5106.2
5107.6
5109.3
5110.4
5110.4
5111.3
5111.3
5117.1
5117.1
5119.7
5119.7
5122.7
5122.7
5125.1
5125.9
5129.2
5140.3
5140.3
5140.6
5140.8
5140.8
5150.4
5151
5151
5153.3
5156.5
5156.5
5159.8
5161.8
5164.9
5164.9
5166.8
5167.3
5167.3
5170.8
5170.8
5170.9
5180.3
5180.3
5181.6
5182.9
5182.9
5186.3
5186.3
5191.1
5191.1
5191.9
5195.1
5195.1
5195.7
5195.7
5197.1
5199.9
5205.6
5212.6
5214.3
5214.3
5215.1
5215.1
5220.9
5220.9
5228.3
5230.1
5233.7
5233.7
5235.1
5238
5238
5239.2
5240.9
5243.4
5244
5244
5249.3
5252.1
5252.1
5256.2
5256.2
5261
5261.6
5261.6
5263.5
5267.2
5267.2
5267.3
5268.8
5270.3
5272.8
5272.8
5286.8
5286.8
5290.9
5291.9
5291.9
5293.1
5293.1
5299.3
5299.3
5301.3
5304.3
5304.3
5305.3
5307.6
5307.6
5316.2
5323
5323
5331.5
5331.5
5331.8
5338.4
5338.4
5339.5
5340.4
5341
5341.3
5341.3
5341.6
5341.6
5344.3
5346.7
5359
5364.2
5370.1
5370.1
5372.4
5374.6
5374.6
5377.7
5379.4
5379.4
5381.3
5386.3
5386.3
5386.9
5386.9
5394.5
5395
5395
5406.4
5406.4
5407.3
5407.8
5411.5
5411.5
5413.3
5413.3
5414.1
5414.1
5424.2
5424.2
5431.4
5431.4
5431.8
5432.9
5433.4
5433.4
5433.4
5442.1
5443.4
5448.5
5448.5
5450.4
5450.9
5453.6
5453.6
5459
5459
5462.1
5464.8
5472.5
5473.5
5473.5
5475.9
5475.9
5477.8
5482.4
5483.6
5483.6
5487.5
5487.5
5494.5
5494.5
5496.7
5500.9
5500.9
5508.9
5508.9
5511.5
5511.8
5511.8
5514.2
5514.4
5519.9
5522.1
5522.1
5522.6
5522.9
5522.9
5523.8
5529.4
5529.4
5530.7
5535.4
5536.9
5536.9
5546.6
5552.9
5552.9
5557.1
5557.4
5557.4
5561.9
5561.9
5563.7
5565.4
5569.6
5569.6
5571.8
5575
5575
5576.1
5579.9
5579.9
5586.5
5586.5
5589.2
5589.2
5590.1
5592.9
5595.6
5597.9
5597.9
5604.5
5604.5
5606.3
5606.3
5608.3
5608.3
5613.8
5614.1
5615.2
5615.2
5626.4
5626.7
5626.7
5626.8
5626.8
5627.6
5627.6
5628.3
5630.1
5631.8
5640.3
5646
5652
5652
5652
5652
5652.6
5657.4
5660.3
5660.3
5661.2
5663.7
5668.4
5668.4
5675.1
5675.1
5678.1
5678.1
5682.5
5682.5
5683.2
5683.2
5683.4
5684.3
5688.2
5691.7
5691.7
5692.5
5695.2
5697.5
5697.5
5699.7
5700.7
5701.9
5701.9
5706.8
5706.8
5709.1
5709.1
5712.3
5717.7
5717.7
5724.5
5724.5
5733.8
5733.8
5736.2
5741.9
5741.9
5741.9
5743.4
5744.9
5744.9
5746.2
5746.2
5751.4
5751.4
5753.3
5759.5
5763.3
5764
5764
5765.4
5770.5
5770.5
5771.7
5775.2
5775.2
5776.6
5776.6
5781.3
5791.7
5791.7
5794.5
5795.6
5796.5
5796.5
5801.3
5801.3
5810.7
5812.1
5815.7
5816.7
5816.7
5817.3
5822.6
5822.6
5822.8
5824
5824
5824
5824
5824.7
5831.3
5831.3
5834.3
5838.7
5838.7
5843
5843
5851.6
5854.2
5857.6
5857.6
5861.9
5862
5862
5866.3
5866.3
5866.9
5871.2
5871.4
5871.4
5875.3
5876.6
5876.6
5884.1
5885.1
5885.1
5888.9
5890.5
5890.5
5895.6
5899.8
5899.8
5902.6
5904.6
5905.6
5905.6
5905.8
5905.8
5911.1
5911.1
5915.1
5917.2
5924.3
5924.3
5927.8
5927.8
5928.1
5928.2
5934.4
5934.4
5939.2
5940.3
5946.6
5946.6
5951.5
5951.5
5952
5952
5952.8
5952.8
5953
5958.1
5971.4
5971.4
5981.5
5981.5
5984.2
5986.8
5986.8
5991.4
5992.3
5992.8
5992.8
5994.5
5994.5
6002.1
6002.2
6005.7
6006.7
6006.7
6010.6
6010.6
6015.5
6015.5
6015.7
6019
6019
6030.2
6030.2
6032.1
6035.5
6035.5
6037.4
6037.4
6041.6
6044.1
6044.8
6052.3
6053.8
6054.7
6054.7
6055.7
6061.5
6061.5
6076
6076
6076.1
6076.1
6079.1
6079.9
6084.2
6089.2
6089.2
6090.1
6090.1
6095.7
6095.7
6099.6
6099.6
6101.6
6106.8
6108.1
6110.8
6110.8
6117
6117
6119.2
6119.2
6122.4
6126.6
6127.9
6127.9
6128.9
6137.6
6137.6
6139.3
6139.3
6146
6146
6146.4
6146.6
6148.3
6151.2
6151.2
6156.1
6157.3
6157.3
6166.5
6172.4
6172.4
6178.5
6182
6182
6184.6
6184.6
6188.1
6188.2
6190.3
6190.3
6192.4
6192.5
6192.5
6193.4
6198.1
6200.1
6208.4
6208.4
6212.4
6212.4
6215.3
6216
6216.1
6216.1
6223.2
6223.2
6225
6225.7
6233.2
6235.3
6235.3
6237.2
6237.2
6241.1
6241.1
6243.2
6243.4
6243.4
6247.8
6248.2
6248.2
6248.7
6250.5
6263.2
6263.2
6267.7
6267.7
6274.1
6274.1
6280.5
6281.4
6284.7
6284.7
6286.9
6287.8
6287.8
6300.4
6300.4
6302.6
6303.5
6303.5
6306.1
6317.3
6319.1
6319.1
6322.6
6323.5
6323.5
6332.1
6332.1
6335.1
6338.1
6339.4
6340.6
6342.1
6342.1
6345.6
6346.6
6348.1
6348.1
6352.1
6352.1
6356.7
6362
6362
6370.9
6370.9
6374.3
6374.3
6374.5
6375
6378.6
6378.6
6381.1
6381.1
6383.1
6384.1
6392.4
6392.4
6393.3
6393.8
6393.8
6407.8
6408.2
6409.9
6409.9
6410.5
6411.9
6411.9
6419.7
6419.7
6423
6423
6423
6423
6429.2
6433
6433.9
6437.2
6437.8
6437.8
6440.8
6440.8
6441.7
6441.7
6442.3
6442.3
6446.1
6452.9
6456.6
6456.6
6457.7
6457.7
6462.5
6465.4
6468.4
6468.4
6472.9
6472.9
6473.2
6475.2
6475.2
6477.4
6477.4
6479.8
6482.7
6486.6
6486.6
6487.2
6492.2
6492.2
6501
6501
6501.8
6505.2
6508.1
6508.1
6511.5
6513
6514
6514
6514.4
6514.4
6525.8
6525.9
6530
6532.3
6532.3
6532.9
6532.9
6534.5
6534.5
6534.6
6534.6
6546.6
6546.6
6547.2
6554.1
6559.8
6559.8
6564.3
6575.4
6576.9
6576.9
6578.2
6579.9
6586
6586
6590.1
6590.1
6595.8
6595.8
6598.5
6598.5
6599.3
6599.3
6601.2
6605.8
6605.8
6615.9
6620.8
6621.8
6621.8
6622.5
6622.5
6624.4
6634.4
6636.5
6636.5
6639.7
6645.1
6648.4
6648.4
6649
6649
6653
6653
6656.9
6658.3
6658.3
6660.9
6660.9
6665.6
6672.6
6681.3
6681.3
6683.9
6687.8
6689.4
6689.4
6689.9
6689.9
6700.2
6700.2
6703.6
6713
6713.4
6713.7
6713.7
6717.4
6717.4
6723.7
6723.7
6724.2
6732.3
6732.9
6733
6734.1
6737.6
6737.6
6744.8
6745.1
6745.1
6746.4
6746.4
6754.3
6755.1
6755.1
6758.4
6758.4
6767.6
6767.6
6768.2
6768.2
6770.3
6771.3
6775
6775
6778.8
6783.7
6783.7
6786.1
6787.8
6787.8
6788.2
6789.8
6789.8
6792
6792
6792.6
6794.9
6794.9
6794.9
6798.5
6813.4
6813.4
6820.7
6820.7
6821.5
6822.5
6826.9
6827.5
6827.5
6830.3
6830.3
6834.6
6837.1
6837.1
6839.8
6846.4
6849.2
6849.2
6851.2
6853.1
6853.1
6856.3
6856.3
6863.4
6867
6869.5
6869.5
6873.9
6878.1
6880.3
6883.7
6884.2
6886.3
6886.3
6886.8
6886.8
6889.6
6890.3
6890.3
6902.3
6902.3
6904.3
6904.3
6905.1
6912.2
6912.2
6913
6913
6915.7
6915.7
6917.4
6917.4
6923.2
6923.2
6923.4
6930.9
6933.1
6935.2
6935.2
6939.4
6940.4
6942.2
6943.9
6945
6948
6948
6954.3
6954.3
6961.5
6965.8
6966.4
6966.4
6970.5
6973.4
6973.4
6975.4
6975.4
6979.3
6983.2
6983.2
6986
6988.2
7000.6
7000.6
7000.6
7002.2
7002.9
7002.9
7014.4
7014.4
7019.8
7026
7026
7026.8
7027.8
7027.8
7027.9
7027.9
7034.2
7034.2
7040.7
7040.7
7041.1
7045.3
7045.3
7048.5
7052.4
7056.5
7056.5
7057.4
7057.4
7064.8
7068.4
7068.4
7076.7
7076.7
7077.7
7079.8
7085.9
7085.9
7090.2
7090.8
7093.7
7093.7
7105.2
7105.2
7107.7
7108.7
7108.7
7110.2
7111.7
7111.7
7113.3
7113.3
7120.9
7120.9
7127.4
7127.4
7134.9
7137.5
7137.5
7146.2
7148.3
7148.3
7149.8
7157.3
7159.1
7159.1
7159.3
7164
7166.8
7166.8
7175.6
7175.6
7176.3
7177.7
7177.7
7179.5
7182
7182
7182.9
7190.7
7190.7
7196.2
7198.2
7201.4
7203.8
7203.8
7206.1
7206.1
7212.3
7212.3
7213.3
7213.3
7214.6
7215.3
7220.5
7220.5
7221.7
7221.7
7229.3
7230.8
7238.6
7247.7
7247.7
7251.7
7251.7
7253.6
7256.5
7259.1
7259.1
7261.5
7261.5
7266.7
7279
7279
7279.7
7285.7
7285.7
7291.8
7294.1
7294.1
7296.2
7296.2
7302.2
7302.2
7302.3
7303
7305
7305
7308.7
7308.7
7318.5
7323.3
7323.3
7328.8
7328.8
7336.1
7337.3
7339.2
7344.1
7344.1
7344.3
7344.3
7349.7
7350.6
7354.3
7354.3
7363.8
7363.8
7373.6
7379.3
7385.3
7385.3
7387.5
7387.5
7387.7
7388.3
7388.3
7394.6
7397.1
7398.8
7398.8
7411.8
7412.8
7419
7419
7420.5
7420.5
7421
7421
7422
7422
7422.7
7433.9
7437.6
7437.6
7440.3
7440.3
7448.2
7448.2
7449.6
7450.7
7455.6
7455.6
7461.2
7473.8
7473.8
7487.5
7487.5
7488.2
7488.3
7504
7504.5
7507.1
7507.1
7512
7512
7516.4
7517.9
7522
7526.5
7526.5
7529.1
7529.9
7529.9
7531.3
7531.3
7542
7550
7550
7554.8
7562
7562
7565.4
7565.4
7583.7
7588.1
7588.1
7594.1
7599.5
7603.8
7603.8
7605.3
7605.3
7606.6
7607.1
7607.1
7607.6
7619.4
7619.4
7620.3
7620.3
7620.5
7626.4
7626.4
7627.4
7636.1
7637.3
7641.9
7641.9
7653.6
7669.2
7669.2
7671.5
7671.5
7673.4
7673.4
7674.7
7678.3
7681
7681
7692.3
7694.6
7694.6
7700.2
7700.2
7700.7
7709.6
7709.6
7710.3
7712.6
7714.2
7721.6
7736.7
7737.9
7737.9
7740
7740
7741.9
7749.7
7749.7
7749.8
7751.1
7751.1
7758.5
7758.5
7759.8
7759.8
7765.8
7769.6
7770.6
7778.2
7778.2
7781.4
7782.6
7782.6
7783.3
7787.6
7790.6
7801.6
7801.6
7803.3
7803.3
7808
7815.3
7816
7816
7823.7
7823.7
7824.1
7824.1
7827.1
7827.1
7828.6
7839.1
7839.1
7843.5
7843.5
7849.3
7850.6
7850.6
7861.3
7862.2
7863.5
7865.7
7865.7
7876.7
7876.7
7879.7
7879.7
7882.2
7882.2
7886.3
7891.3
7891.3
7896.1
7896.1
7900
7909.6
7909.6
7915
7919.6
7924.7
7924.7
7927.7
7935
7944.2
7947.5
7947.5
7949.7
7952.3
7952.3
7953.4
7953.4
7953.5
7960
7960.1
7960.9
7960.9
7961
7963
7963.4
7963.4
7974.7
7976.6
7978.7
7978.7
7992.9
7992.9
8000.5
8000.5
8005.5
8005.6
8005.6
8006.1
8017.4
8017.4
8019.2
8021
8021
8022.4
8022.4
8026.1
8035.6
8035.6
8045.5
8047.1
8047.1
8058
8058
8059.8
8059.8
8062.2
8065.1
8067.9
8067.9
8068.3
8072.2
8072.2
8072.5
8077.4
8077.4
8088.4
8088.4
8092.2
8092.2
8093.6
8093.6
8096.7
8100.4
8100.4
8105.2
8105.6
8106.4
8106.4
8111.9
8115.3
8122.3
8122.3
8124.3
8124.3
8128.7
8132.1
8135.6
8145.3
8145.3
8145.6
8145.6
8161.8
8161.8
8166
8166
8169.1
8176.2
8176.2
8177.6
8179.4
8179.4
8186.2
8196.8
8196.8
8206.6
8207.2
8207.2
8207.6
8207.6
8214.5
8214.5
8227.7
8227.7
8228.3
8231.2
8232.9
8234.5
8236.9
8236.9
8239.8
8239.8
8244
8246.9
8254.5
8254.5
8264.7
8264.8
8271.4
8286
8291.7
8291.7
8295.6
8295.6
8301.7
8302.4
8302.4
8306.2
8306.2
8310.2
8318.6
8322.8
8322.8
8326.3
8334.3
8334.3
8336.3
8336.3
8337.9
8345.7
8349
8352.7
8352.7
8362.6
8362.6
8364.8
8364.8
8366.9
8370.2
8378.8
8383.1
8383.1
8395
8395
8400.5
8400.5
8402.3
8402.3
8403.1
8413.5
8418.3
8420.2
8420.2
8420.2
8421.3
8421.3
8425.2
8432.4
8434.2
8441.8
8441.8
8444.6
8444.6
8454
8454
8455.8
8456.9
8456.9
8459.7
8466.9
8468.6
8470.6
8472.8
8472.8
8476.1
8476.1
8478.3
8478.3
8484.6
8488.4
8489.1
8489.1
8493.7
8493.7
8504.7
8504.7
8504.7
8511.2
8511.2
8512.8
8515.2
8526.2
8531.1
8533
8533
8537.7
8537.7
8541.5
8541.5
8546.1
8554.5
8554.5
8557.7
8557.7
8561
8561.8
8563.8
8566.3
8566.3
8566.5
8576.6
8576.6
8577.4
8582.2
8582.2
8586.2
8596.2
8596.2
8598.2
8603.7
8603.7
8605.1
8605.1
8606.5
8606.5
8616.2
8616.2
8616.6
8617.4
8623.2
8625.4
8625.4
8627.8
8627.8
8639.1
8639.1
8649.3
8649.3
8659.2
8667
8668.4
8669.2
8675.1
8675.1
8682.5
8682.5
8685.2
8689.6
8694.4
8694.4
8702.1
8702.1
8706.4
8709.6
8717.5
8717.5
8718
8718.2
8718.2
8736.9
8741.6
8741.6
8744.8
8745.4
8745.4
8754.1
8759.8
8759.8
8767.5
8768.3
8768.3
8771
8771
8773.7
8780
8789.8
8792.3
8792.3
8800.3
8800.3
8807.6
8807.6
8812.6
8812.7
8813.5
8813.5
8816.1
8817
8817
8818.5
8820.6
8830.7
8830.7
8837
8841.3
8841.3
8841.5
8843.3
8843.3
8845.9
8850.3
8850.3
8864.5
8865
8865
8878.6
8878.6
8881.7
8885.1
8885.6
8895.8
8895.8
8897.6
8897.6
8898.5
8900.7
8902.7
8902.7
8910.2
8910.2
8914.1
8914.1
8917.7
8917.7
8928.8
8928.9
8931.1
8944.1
8949
8949
8949.4
8949.4
8955.8
8955.8
8957
8957
8958.2
8960.7
8961
8961
8963
8963
8979.1
8981.9
8981.9
8985.2
8989.5
9001
9001.4
9001.4
9010.7
9014
9014
9022.2
9022.2
9044.9
9044.9
9046.2
9046.4
9051.4
9051.4
9051.7
9051.7
9059.7
9059.7
9063.1
9083.8
9083.8
9085.4
9085.4
9087.7
9093
9100.8
9101
9101
9105.9
9118
9118
9120.2
9120.2
9130.3
9130.3
9140.4
9142.6
9144.2
9151
9151
9154.8
9157.8
9157.8
9159
9159
9166.7
9166.7
9170.6
9174.6
9174.6
9175.4
9181
9181
9187.6
9187.6
9191.8
9202.8
9202.8
9203.4
9206.2
9206.2
9207.2
9215.7
9222
9222
9223.8
9233.9
9233.9
9237.6
9237.9
9237.9
9242.7
9244.8
9245.9
9250
9250
9265.5
9265.5
9276.7
9278.7
9280.2
9280.2
9285.4
9285.4
9285.6
9292.6
9292.6
9292.9
9295.7
9302.5
9307.6
9307.6
9311
9311
9316.6
9316.6
9330.9
9330.9
9331.7
9346.1
9352.6
9352.6
9363
9363
9365.8
9373
9378.1
9380.8
9380.8
9385.8
9389.7
9389.7
9396
9396
9400.7
9400.7
9408.2
9408.2
9413.3
9413.3
9415.6
9417.7
9417.7
9422.6
9428.2
9431.6
9434.2
9435
9435
9439.1
9445.2
9445.2
9452.1
9452.1
9454.7
9455.7
9456.3
9456.3
9465.7
9481.3
9481.3
9484.7
9486.5
9489.3
9489.3
9492.2
9492.2
9501.6
9501.6
9510.5
9511.3
9512.2
9512.2
9515.9
9515.9
9516.8
9531.5
9531.5
9534.5
9534.5
9544.1
9544.7
9544.7
9546.8
9549.5
9552.3
9552.3
9554
9555.7
9557.6
9557.6
9571.4
9571.4
9574.9
9574.9
9577.7
9581.2
9587.8
9587.8
9601.7
9601.7
9601.8
9609
9611.1
9611.1
9615.6
9636.7
9636.7
9639.2
9639.2
9641.7
9642
9642
9642.6
9651.8
9651.8
9652.7
9677.2
9679.5
9686.6
9686.6
9691.1
9691.1
9695.1
9697.9
9703.2
9703.2
9703.5
9706.2
9706.2
9713.1
9715.2
9715.2
9717.3
9717.3
9723.1
9723.1
9733
9740.7
9740.7
9752.3
9752.3
9755.4
9756.8
9756.8
9766.7
9769.5
9772.9
9781.5
9781.5
9789.8
9796.7
9798.7
9798.7
9801.6
9807.3
9807.3
9818.8
9818.8
9819.9
9825.3
9825.4
9825.4
9843.5
9845.8
9845.8
9853.2
9856.6
9856.6
9865.9
9865.9
9870.4
9878.6
9885.4
9885.4
9890.4
9890.4
9892.7
9892.7
9897.9
9897.9
9901.5
9911.8
9911.9
9927.2
9927.2
9938.4
9938.4
9938.8
9947.5
9947.5
9959.7
9964.7
9964.7
9967.5
9968.8
9968.8
9972.1
9981.5
9982.6
9994.6
9994.6
9999.3
10008
10008
10018
10018
10021
10021
10026
10026
10033
10034
10036
10042
10042
10042
10051
10065
10065
10066
10075
10077
10077
10077
10078
10078
10092
10092
10102
10106
10108
10108
10113
10113
10114
10125
10125
10129
10129
10134
10138
10140
10140
10149
10151
10151
10153
10153
10167
10168
10175
10175
10177
10177
10193
10193
10197
10199
10199
10207
10210
10213
10213
10236
10239
10239
10249
10250
10258
10258
10261
10261
10261
10266
10272
10272
10272
10277
10279
10279
10287
10287
10292
10292
10301
10307
10315
10315
10316
10339
10339
10342
10345
10345
10348
10350
10350
10380
10380
10384
10390
10390
10390
10390
10391
10400
10400
10407
10407
10410
10410
10421
10424
10437
10447
10449
10449
10452
10452
10454
10462
10469
10471
10471
10473
10473
10485
10492
10492
10497
10497
10498
10498
10514
10514
10517
10537
10537
10539
10539
10541
10544
10564
10564
10569
10570
10575
10575
10586
10588
10588
10603
10603
10620
10622
10628
10628
10628
10632
10641
10641
10646
10651
10651
10680
10680
10680
10680
10696
10696
10701
10701
10701
10706
10706
10710
10731
10738
10738
10738
10738
10739
10744
10744
10746
10753
10760
10760
10770
10775
10775
10784
10784
10789
10800
10800
10802
10802
10804
10807
10816
10818
10818
10835
10835
10841
10855
10855
10858
10858
10862
10862
10862
10862
10863
10863
10867
10868
10868
10882
10882
10882
10885
10894
10894
10901
10911
10911
10921
10930
10930
10932
10938
10938
10953
10964
10964
10968
10974
10974
10980
10980
10980
10980
10992
10992
10994
10994
11009
11009
11011
11012
11020
11047
11053
11053
11058
11058
11061
11062
11062
11065
11065
11068
11068
11087
11091
11092
11092
11095
11095
11121
11121
11128
11135
11136
11136
11137
11137
11141
11141
11157
11159
11162
11168
11168
11176
11176
11179
11187
11187
11189
11189
11193
11195
11195
11207
11213
11213
11216
11219
11224
11238
11238
11238
11246
11246
11251
11259
11259
11273
11273
11275
11275
11280
11283
11283
11285
11301
11301
11307
11307
11312
11313
11313
11314
11329
11329
11329
11343
11344
11344
11345
11351
11351
11352
11373
11373
11377
11378
11381
11381
11391
11394
11394
11404
11408
11408
11414
11426
11426
11431
11436
11444
11444
11446
11446
11453
11454
11454
11454
11462
11462
11466
11466
11468
11475
11492
11492
11514
11514
11518
11529
11529
11537
11540
11543
11549
11549
11553
11560
11562
11562
11568
11568
11579
11587
11591
11591
11595
11595
11608
11608
11608
11612
11622
11622
11631
11635
11653
11653
11656
11656
11662
11662
11670
11687
11687
11691
11691
11702
11708
11708
11709
11709
11714
11719
11728
11730
11730
11741
11741
11744
11758
11758
11759
11759
11759
11767
11783
11785
11785
11795
11800
11800
11804
11804
11812
11817
11830
11830
11830
11830
11833
11838
11853
11853
11853
11853
11855
11858
11858
11865
11869
11869
11875
11875
11881
11887
11894
11894
11897
11900
11903
11910
11910
11914
11914
11921
11921
11924
11924
11924
11930
11933
11933
11952
11958
11958
11975
11975
11982
11982
11986
11986
11993
11997
12003
12012
12012
12014
12014
12015
12017
12017
12018
12018
12022
12022
12044
12044
12047
12047
12049
12050
12058
12073
12077
12077
12079
12079
12083
12090
12091
12091
12094
12096
12096
12115
12115
12117
12117
12125
12126
12126
12130
12135
12149
12149
12161
12161
12162
12164
12164
12171
12171
12174
12180
12180
12193
12219
12219
12228
12228
12231
12267
12269
12269
12270
12273
12273
12285
12304
12305
12305
12309
12309
12313
12335
12335
12337
12337
12340
12345
12346
12348
12348
12355
12355
12366
12371
12375
12379
12379
12389
12389
12392
12392
12404
12407
12407
12424
12428
12439
12439
12440
12442
12449
12452
12452
12453
12455
12455
12463
12463
12483
12488
12491
12491
12500
12500
12501
12504
12504
12510
12513
12513
12520
12527
12527
12535
12535
12535
12537
12549
12568
12568
12571
12571
12580
12580
12586
12588
12588
12596
12596
12627
12645
12647
12647
12649
12655
12655
12662
12666
12666
12670
12670
12670
12682
12682
12697
12699
12699
12707
12711
12711
12718
12724
12724
12724
12728
12728
12753
12758
12758
12759
12759
12763
12767
12767
12772
12772
12773
12773
12779
12800
12800
12809
12810
12810
12812
12821
12821
12821
12822
12822
12824
12837
12839
12845
12850
12850
12851
12858
12858
12862
12876
12881
12881
12891
12891
12894
12894
12904
12905
12905
12913
12913
12914
12914
12927
12929
12929
12929
12929
12940
12942
12950
12950
12950
12964
12964
12964
12975
12976
12979
12979
12983
12983
12990
12999
13007
13007
13010
13010
13022
13028
13028
13029
13044
13047
13047
13064
13064
13066
13069
13069
13071
13080
13080
13080
13088
13088
13093
13098
13098
13100
13125
13125
13142
13150
13150
13151
13164
13164
13172
13174
13179
13179
13186
13186
13206
13207
13207
13211
13211
13227
13234
13235
13235
13253
13253
13260
13261
13261
13264
13270
13285
13285
13293
13293
13306
13306
13308
13314
13316
13334
13338
13341
13343
13343
13351
13351
13356
13363
13363
13367
13369
13370
13370
13380
13401
13401
13402
13402
13419
13419
13425
13435
13450
13450
13454
13463
13463
13464
13465
13465
13485
13494
13496
13496
13502
13502
13508
13508
13532
13532
13534
13534
13534
13542
13552
13552
13557
13558
13559
13559
13564
13576
13576
13586
13586
13591
13598
13598
13609
13626
13626
13629
13629
13635
13637
13637
13643
13651
13654
13655
13655
13664
13677
13677
13681
13681
13701
13707
13708
13708
13709
13710
13722
13730
13730
13732
13732
13733
13733
13735
13738
13769
13788
13790
13790
13792
13801
13801
13820
13820
13823
13823
13831
13834
13834
13838
13848
13849
13849
13853
13853
13857
13868
13868
13870
13886
13886
13899
13899
13905
13909
13916
13917
13917
13918
13918
13926
13926
13926
13926
13932
13939
13950
13950
13957
13963
13963
13972
13978
13980
13980
13988
13988
13996
14001
14005
14005
14008
14008
14010
14012
14030
14030
14032
14032
14038
14056
14056
14057
14057
14069
14073
14083
14083
14095
14095
14095
14113
14114
14114
14115
14115
14128
14128
14130
14130
14136
14140
14172
14175
14175
14178
14178
14179
14192
14223
14223
14235
14238
14241
14241
14261
14261
14263
14263
14272
14277
14277
14286
14286
14292
14292
14297
14297
14300
14300
14311
14316
14316
14316
14319
14323
14328
14328
14330
14345
14345
14368
14368
14374
14374
14375
14376
14376
14391
14393
14404
14408
14408
14413
14413
14415
14415
14416
14416
14419
14421
14423
14429
14432
14452
14452
14464
14464
14467
14467
14476
14476
14479
14479
14482
14492
14494
14494
14494
14525
14525
14529
14530
14545
14545
14546
14546
14558
14558
14570
14579
14579
14582
14590
14604
14622
14622
14625
14625
14631
14637
14648
14648
14660
14660
14661
14661
14674
14676
14680
14688
14690
14690
14704
14704
14707
14707
14714
14714
14721
14724
14739
14739
14742
14742
14745
14764
14766
14766
14768
14772
14772
14778
14785
14785
14791
14791
14792
14796
14796
14798
14801
14814
14814
14821
14828
14832
14832
14841
14854
14854
14859
14871
14871
14879
14883
14883
14890
14894
14895
14895
14898
14909
14915
14915
14919
14919
14921
14921
14944
14944
14951
14961
14964
14964
14971
14973
14973
14988
14988
14995
15000
15004
15004
15013
15026
15026
15026
15035
15035
15058
15059
15059
15060
15062
15062
15066
15066
15070
15084
15084
15108
15108
15113
15113
15137
15137
15137
15143
15145
15151
15151
15152
15154
15188
15201
15201
15206
15230
15230
15231
15231
15243
15243
15249
15250
15278
15278
15279
15282
15282
15303
15307
15309
15309
15312
15321
15321
15338
15338
15340
15352
15356
15356
15357
15368
15369
15369
15384
15386
15402
15402
15412
15412
15415
15415
15421
15422
15434
15452
15452
15452
15452
15456
15459
15461
15461
15467
15467
15480
15481
15481
15487
15487
15491
15498
15498
15500
15502
15502
15509
15511
15527
15527
15534
15534
15535
15565
15565
15573
15573
15596
15596
15596
15620
15622
15623
15623
15625
15628
15628
15641
15643
15643
15655
15655
15659
15659
15664
15668
15668
15674
15674
15681
15681
15682
15682
15697
15697
15703
15703
15708
15708
15732
15743
15743
15743
15743
15748
15748
15750
15752
15757
15757
15774
15774
15782
15782
15788
15805
15821
15826
15841
15841
15845
15848
15848
15854
15860
15860
15864
15864
15870
15870
15881
15881
15885
15885
15890
15897
15916
15916
15918
15918
15927
15927
15930
15930
15931
15937
15954
15954
15979
15979
15983
15989
15993
15993
15997
15999
16014
16021
16021
16037
16048
16048
16057
16057
16061
16073
16073
16076
16082
16082
16087
16087
16091
16091
16092
16108
16110
16125
16130
16136
16139
16139
16144
16144
16151
16151
16152
16165
16170
16170
16177
16177
16177
16202
16202
16202
16210
16210
16216
16216
16216
16217
16217
16239
16239
16243
16245
16245
16245
16253
16258
16258
16281
16288
16288
16291
16291
16292
16310
16310
16317
16322
16322
16327
16329
16329
16338
16338
16344
16344
16355
16367
16375
16375
16375
16385
16392
16392
16393
16400
16401
16401
16409
16409
16422
16425
16425
16425
16450
16450
16452
16452
16458
16473
16487
16509
16509
16534
16550
16550
16551
16557
16560
16593
16593
16596
16596
16612
16614
16620
16620
16620
16623
16623
16643
16643
16644
16644
16647
16658
16658
16666
16666
16666
16674
16675
16675
16680
16680
16685
16685
16689
16693
16709
16709
16719
16719
16726
16726
16729
16733
16749
16749
16752
16759
16759
16761
16770
16770
16778
16783
16789
16789
16791
16791
16797
16797
16803
16803
16806
16812
16812
16812
16813
16814
16824
16831
16833
16833
16836
16836
16847
16860
16860
16861
16861
16877
16889
16897
16916
16916
16925
16925
16950
16950
16951
16953
16953
16965
16965
16969
16972
16975
16975
17002
17011
17011
17014
17014
17014
17036
17047
17057
17057
17070
17070
17088
17089
17117
17117
17125
17125
17131
17131
17136
17138
17138
17144
17144
17167
17171
17171
17171
17175
17175
17178
17216
17216
17224
17224
17227
17228
17231
17231
17235
17235
17256
17265
17267
17267
17281
17281
17288
17291
17312
17316
17324
17337
17337
17344
17344
17353
17353
17357
17362
17362
17391
17400
17407
17412
17412
17418
17420
17420
17424
17445
17445
17446
17446
17456
17464
17464
17469
17469
17472
17487
17487
17488
17492
17492
17493
17493
17508
17525
17525
17549
17556
17556
17562
17571
17571
17582
17590
17590
17600
17613
17613
17616
17623
17623
17632
17641
17641
17642
17650
17670
17670
17678
17680
17699
17699
17702
17708
17708
17723
17723
17740
17744
17744
17751
17757
17757
17772
17772
17781
17781
17784
17822
17829
17829
17838
17840
17840
17844
17851
17868
17871
17871
17879
17879
17884
17908
17909
17909
17915
17915
17934
17934
17954
17955
17960
17960
17961
17963
17968
17968
17986
17997
17997
18002
18002
18015
18015
18027
18037
18041
18049
18049
18050
18050
18050
18080
18080
18083
18083
18103
18103
18105
18107
18107
18130
18130
18143
18143
18147
18147
18167
18167
18176
18176
18194
18194
18196
18208
18211
18214
18216
18216
18237
18240
18241
18241
18242
18242
18251
18259
18271
18271
18291
18291
18294
18305
18329
18329
18329
18335
18335
18337
18337
18340
18348
18357
18357
18357
18386
18397
18397
18406
18407
18407
18417
18422
18426
18426
18428
18438
18438
18458
18462
18462
18475
18475
18475
18475
18489
18489
18499
18523
18538
18538
18541
18541
18545
18551
18551
18556
18556
18556
18559
18571
18576
18576
18583
18583
18586
18616
18618
18620
18620
18621
18622
18622
18640
18641
18641
18644
18644
18649
18649
18654
18659
18684
18684
18726
18726
18730
18733
18733
18738
18748
18787
18787
18787
18787
18787
18818
18831
18835
18836
18836
18841
18841
18850
18853
18861
18870
18870
18877
18877
18884
18884
18886
18896
18896
18907
18920
18948
18948
18957
18962
18962
18990
18998
18998
19017
19017
19023
19035
19035
19039
19066
19066
19072
19079
19080
19080
19082
19099
19101
19101
19102
19133
19133
19142
19144
19144
19153
19153
19155
19159
19161
19161
19180
19215
19215
19217
19224
19225
19225
19242
19270
19275
19283
19283
19296
19296
19296
19297
19297
19297
19308
19308
19328
19328
19344
19344
19344
19375
19375
19395
19402
19425
19425
19452
19452
19457
19480
19480
19481
19481
19489
19505
19505
19515
19525
19525
19526
19526
19527
19541
19574
19585
19585
19595
19598
19598
19615
19627
19627
19630
19630
19644
19649
19649
19662
19668
19668
19670
19679
19679
19699
19699
19706
19711
19713
19721
19721
19725
19725
19733
19733
19751
19755
19759
19759
19761
19761
19763
19766
19787
19787
19815
19815
19827
19828
19828
19847
19854
19854
19858
19858
19863
19864
19866
19866
19871
19871
19874
19880
19880
19889
19897
19903
19903
19912
19990
19993
19993
20009
20018
20018
20028
20028
20039
20046
20057
20061
20061
20061
20061
20067
20085
20085
20090
20090
20104
20104
20108
20135
20135
20157
20157
20182
20188
20214
20214
20215
20235
20235
20236
20248
20279
20285
20293
20297
20317
20317
20320
20320
20333
20333
20354
20354
20367
20367
20368
20373
20375
20375
20382
20382
20383
20387
20391
20400
20400
20433
20433
20447
20447
20449
20519
20520
20520
20533
20533
20565
20565
20605
20605
20619
20622
20677
20677
20677
20683
20683
20692
20718
20718
20724
20735
20741
20741
20744
20765
20765
20772
20772
20788
20788
20808
20818
20820
20834
20834
20836
20856
20858
20858
20868
20868
20869
20904
20904
20919
20919
20922
20922
20932
20947
20954
20954
20971
20971
20973
21014
21024
21028
21033
21033
21064
21064
21069
21071
21071
21094
21094
21136
21136
21145
21149
21156
21164
21231
21235
21235
21235
21287
21287
21317
21325
21337
21337
21337
21337
21369
21378
21386
21386
21396
21396
21413
21413
21414
21414
21415
21434
21446
21448
21452
21475
21496
21497
21497
21501
21501
21502
21531
21531
21532
21532
21589
21589
21590
21590
21606
21617
21617
21626
21629
21629
21660
21660
21676
21684
21684
21691
21715
21715
21722
21722
21731
21733
21733
21748
21751
21762
21764
21764
21794
21794
21804
21804
21860
21866
21871
21872
21878
21878
21885
21885
21900
21909
21909
21910
21910
21912
21940
21940
21981
21992
21992
22019
22020
22030
22030
22036
22046
22046
22055
22055
22067
22080
22090
22090
22091
22091
22104
22111
22111
22122
22122
22138
22142
22147
22161
22161
22177
22191
22191
22200
22200
22204
22206
22208
22208
22218
22220
22220
22242
22242
22259
22265
22265
22277
22292
22327
22327
22330
22330
22334
22344
22344
22344
22344
22416
22416
22417
22428
22429
22442
22442
22442
22443
22443
22445
22451
22451
22468
22468
22476
22489
22489
22503
22516
22516
22525
22525
22543
22547
22558
22559
22559
22565
22572
22577
22577
22577
22584
22584
22592
22592
22634
22637
22637
22637
22637
22661
22665
22665
22692
22693
22693
22700
22718
22718
22724
22724
22753
22763
22767
22767
22769
22769
22793
22804
22804
22808
22811
22811
22816
22818
22832
22835
22835
22841
22842
22856
22856
22897
22897
22922
22922
22934
22934
22943
22943
22946
22949
22951
22960
23055
23064
23075
23075
23076
23076
23096
23102
23102
23120
23120
23169
23173
23179
23179
23181
23181
23188
23194
23194
23207
23216
23218
23218
23229
23229
23250
23260
23260
23263
23265
23284
23294
23294
23312
23312
23319
23319
23319
23330
23335
23335
23356
23356
23360
23372
23372
23377
23415
23415
23433
23433
23433
23445
23452
23452
23462
23502
23502
23519
23520
23520
23521
23521
23534
23548
23548
23549
23551
23551
23581
23600
23600
23601
23602
23602
23619
23619
23635
23635
23644
23644
23648
23658
23658
23659
23659
23665
23701
23701
23729
23729
23731
23732
23735
23735
23742
23742
23747
23747
23752
23760
23781
23781
23786
23789
23817
23836
23849
23849
23851
23851
23896
23906
23920
23920
23928
23928
23968
23968
23971
23971
23978
24004
24214
24214
24215
24215
24229
24230
24279
24279
24289
24289
24328
24329
24334
24342
24342
24352
24355
24355
24424
24424
24428
24431
24432
24432
24439
24442
24448
24448
24451
24451
24456
24461
24469
24469
24489
24489
24497
24497
24507
24507
24509
24510
24511
24522
24523
24523
24524
24524
24525
24531
24543
24548
24548
24579
24579
24595
24595
24595
24595
24607
24607
24615
24640
24640
24641
24642
24663
24663
24679
24679
24691
24691
24710
24717
24757
24757
24761
24761
24766
24769
24776
24783
24797
24797
24799
24799
24897
24902
24936
24936
24945
24945
24960
24963
24998
24998
25008
25008
25033
25033
25039
25039
25045
25047
25071
25074
25122
25122
25123
25123
25167
25167
25193
25193
25196
25209
25209
25214
25214
25229
25260
25260
25267
25267
25281
25289
25315
25317
25334
25334
25337
25337
25429
25432
25432
25437
25437
25438
25468
25468
25476
25476
25491
25503
25540
25541
25664
25673
25673
25678
25678
25683
25683
25717
25717
25737
25789
25789
25793
25793
25795
25869
25869
25870
25904
25924
25924
25939
25939
25947
25951
25951
25951
25951
25961
25995
26040
26040
26041
26041
26053
26089
26097
26105
26105
26157
26157
26170
26170
26217
26221
26226
26226
26241
26246
26253
26259
26259
26261
26261
26280
26280
26296
26300
26300
26338
26367
26372
26372
26394
26394
26408
26408
26424
26431
26438
26441
26441
26477
26477
26489
26501
26501
26522
26557
26557
26576
26593
26593
26599
26599
26605
26628
26628
26672
26687
26687
26709
26722
26722
26746
26746
26758
26758
26799
26820
26876
26876
26891
26895
26895
26903
26903
26903
26916
26916
26951
26964
26965
26965
26972
26972
26977
27032
27032
27039
27072
27114
27114
27119
27119
27136
27136
27137
27137
27162
27172
27187
27187
27187
27206
27211
27229
27229
27251
27251
27266
27337
27351
27351
27351
27351
27352
27373
27377
27390
27390
27398
27398
27399
27401
27418
27430
27433
27433
27433
27433
27434
27484
27511
27511
27512
27512
27555
27555
27594
27602
27602
27639
27648
27674
27674
27696
27696
27730
27730
27732
27733
27744
27744
27807
27840
27840
27853
27853
27866
27889
27889
27891
27891
27912
27912
27915
27915
27929
27929
27987
27990
27990
27991
27991
28000
28040
28043
28049
28052
28080
28080
28080
28080
28095
28095
28104
28104
28113
28117
28121
28139
28152
28152
28172
28172
28222
28222
28223
28223
28243
28259
28259
28266
28266
28272
28323
28333
28350
28355
28480
28480
28486
28486
28492
28516
28539
28539
28543
28567
28567
28618
28620
28621
28629
28629
28630
28630
28683
28683
28688
28688
28721
28721
28744
28745
28772
28772
28772
28772
28794
28805
28850
28857
28857
28857
28857
28880
28880
28889
28889
28890
28890
28946
28946
28982
29020
29020
29020
29021
29023
29023
29108
29113
29113
29131
29131
29145
29145
29159
29159
29164
29166
29166
29283
29283
29287
29287
29292
29292
29307
29309
29324
29341
29342
29342
29346
29346
29350
29350
29350
29352
29352
29383
29383
29397
29397
29404
29409
29429
29454
29454
29480
29480
29519
29527
29532
29532
29534
29534
29550
29552
29552
29561
29561
29577
29593
29613
29613
29628
29628
29635
29642
29642
29646
29646
29646
29650
29675
29683
29683
29708
29708
29715
29745
29745
29747
29747
29785
29791
29816
29816
29848
29848
29856
29856
30024
30069
30071
30076
30076
30076
30090
30090
30122
30124
30124
30131
30142
30142
30160
30164
30168
30168
30182
30182
30202
30245
30245
30245
30246
30246
30248
30266
30266
30272
30286
30286
30318
30318
30319
30325
30325
30329
30331
30331
30342
30342
30416
30430
30517
30520
30520
30521
30521
30532
30599
30620
30620
30651
30654
30654
30713
30717
30767
30767
30781
30781
30785
30791
30791
30837
30837
30877
30991
30991
31001
31001
31021
31021
31095
31095
31102
31134
31135
31137
31137
31140
31143
31196
31196
31200
31200
31230
31286
31286
31287
31301
31301
31301
31304
31304
31313
31313
31330
31350
31405
31405
31411
31417
31417
31423
31423
31457
31465
31465
31541
31541
31607
31607
31685
31697
31705
31705
31718
31718
31725
31731
31736
31737
31737
31738
31738
31752
31865
31881
31881
31883
31886
31890
31890
31900
31900
31906
31915
31915
31922
31922
31944
31952
31953
31953
31975
31998
31998
32006
32006
32009
32015
32063
32088
32088
32091
32094
32094
32106
32125
32148
32148
32149
32149
32154
32154
32174
32174
32182
32201
32233
32233
32236
32236
32237
32262
32262
32312
32312
32374
32374
32418
32427
32453
32453
32464
32469
32469
32483
32488
32488
32494
32518
32520
32531
32548
32548
32553
32553
32578
32578
32579
32579
32591
32593
32615
32641
32641
32708
32708
32749
32779
32792
32800
32800
32801
32801
32817
32817
32822
32822
32825
32850
32890
32917
32952
32952
32959
32978
32978
33003
33003
33021
33021
33029
33193
33200
33203
33203
33203
33203
33356
33356
33357
33357
33401
33426
33534
33541
33541
33550
33551
33551
33638
33638
33646
33646
33690
33693
33693
33694
33694
33701
33789
33792
33819
33819
33821
33821
33859
33865
33912
33912
33912
33922
33922
33933
33943
33943
33945
33945
33949
33982
33993
33998
33998
34016
34016
34017
34060
34060
34068
34068
34094
34105
34194
34195
34195
34206
34220
34220
34234
34237
34237
34258
34258
34260
34347
34351
34356
34356
34370
34370
34395
34467
34472
34472
34474
34474
34497
34538
34555
34556
34565
34565
34576
34576
34588
34595
34677
34677
34681
34681
34840
34840
34887
34887
34888
34888
34918
34918
34924
34924
35110
35111
35131
35131
35133
35133
35170
35174
35313
35326
35326
35326
35326
35365
35365
35366
35367
35367
35489
35497
35506
35506
35509
35509
35578
35583
35592
35592
35595
35595
35646
35667
35671
35671
35678
35678
35739
35755
35755
35762
35762
35770
35779
35792
35792
35793
35793
35806
35895
35898
35908
35908
35909
35909
36087
36087
36092
36092
36099
36099
36268
36274
36275
36275
36277
36277
36484
36490
36490
36503
36503
36514
36548
36559
36559
36576
36576
36579
36583
36586
36707
36725
36725
36728
36728
36741
36741
36741
36744
36744
36819
36819
36947
36947
36948
36948
37040
37047
37047
37050
37050
37051
37068
37070
37133
37133
37135
37135
37147
37150
37237
37241
37241
37249
37249
37255
37255
37260
37260
37268
37327
37328
37328
37332
37332
37337
37339
37348
37348
37365
37365
37378
37877
37877
37880
37883
37883
37894
37912
37912
37915
37915
37921
37926
38057
38057
38059
38059
38079
38080
38080
38084
38141
38141
38143
38143
38153
38163
38284
38284
38294
38294
38297
38297
38588
38591
38591
38597
38597
38601
38717
38719
38725
38738
38738
38758
38758
38766
38766
38771
38771
38783
38846
38876
38876
38935
38935
38968
38980
38980
39193
39194
39225
39225
39228
39228
39296
39308
39308
39328
39328
39330
39330
39358
39358
39397
39403
39403
39405
39405
39469
39481
39550
39550
39556
39556
39613
39617
39673
39673
39674
39674
39674
39675
39865
39865
39865
39867
39867
39870
39929
39930
40054
40057
40057
40057
40057
40057
40091
40091
40097
40097
40178
40179
40241
40242
40255
40255
40255
40255
40355
40355
40357
40357
40370
40383
40402
40402
40404
40404
40993
40993
40994
40997
40997
41002
41002
41005
41008
41008
41015
41015
41099
41104
41104
41129
41129
41148
41598
41598
41605
41605
41726
41726
41728
41728
41785
41785
41801
41806
41807
41807
41818
41818
41895
41899
41899
41911
41911
41917
42128
42128
42128
42128
42129
42129
42133
42133
42133
42135
42136
42136
42140
42140
42142
42142
42161
42165
42497
42497
42503
42503
42510
42525
42598
42598
42599
42599
42632
42636
42654
42654
42659
42659
42682
42683
42713
42715
42776
42776
42778
42778
42779
42780
42781
42781
42782
42782
42825
42827
42836
42836
42837
42837
43029
43031
43060
43062
43062
43073
43073
43081
43557
43559
43559
43570
43573
43573
43585
43594
43594
43604
43612
43612
43649
43649
43666
43666
43676
43676
43676
43676
43682
43690
43978
43978
43979
43979
43987
43989
44110
44128
44128
44169
44169
44198
44215
44229
44235
44235
44235
44236
44236
44240
44292
44334
44334
44365
44366
44366
44368
44372
44372
44434
44434
44489
44661
44664
44664
44687
44687
44720
44884
44921
44921
44936
44936
44940
45233
45233
45251
45251
45273
45276
45372
45380
45380
45407
45407
45430
45430
45431
45431
45436
45477
45502
45506
45511
45511
45552
45572
45572
45580
45580
45616
45616
45622
45654
45656
45682
45687
45687
45703
45703
45703
45703
45713
45713
45717
45717
45721
45760
45765
45765
45778
45778
45783
45791
45793
45807
45814
45814
45833
45833
45842
45842
45849
45869
45901
45901
45904
45904
45930
45931
45952
45954
46124
46124
46124
46124
46420
46426
46447
46447
46449
46449
46745
46745
46745
46745
46811
46812
46974
46974
46987
46987
47024
47042
47042
47064
47064
47081
47139
47146
47178
47178
47179
47179
47206
47208
47210
47240
47240
47242
47242
47295
47295
47345
47345
47370
47701
47710
47712
47712
47712
47712
47792
47793
47957
47957
47959
47959
47963
47965
48353
48353
48353
48353
48870
48870
49556
49560
50268
50268
50272
50272
50857
50874
50874
50899
50899
50910
51210
51221
51221
51262
51262
51289
51291
51299
51302
51302
51306
51306
52124
52124
52124
52124
52267
52267
52288
52288
52350
52359
52359
52367
52367
52368
52502
52502
52761
52787
52787
52790
52790
52791
52854
52856
52856
52866
52866
52873
53993
54003
54068
54068
54069
54069
54347
54347
54362
54362
54416
54419
54552
54554
54558
54558
54560
54560
54602
54606
54697
54697
54701
54701
54758
54758
54758
54758
54762
54762
54848
54848
54852
54852
54854
54863
55014
55058
55058
55076
55077
55085
55085
55093
55182
55185
55219
55219
55219
55219
55220
55221
55224
55226
55226
55230
55230
55235
55448
55448
55448
55448
55828
55829
56028
56028
56030
56030
56288
56288
56299
56299
56317
56337
56340
56358
56384
56384
56392
56392
56486
56486
56574
56574
56584
56586
56586
56587
56719
56719
56720
56720
56804
56807
56809
56809
56809
56809
57382
57382
57384
57384
57619
57619
57696
57696
57699
57699
58399
58423
58423
58442
58442
58451
58516
58528
58528
58556
58556
58578
58619
58625
58627
58627
58641
58641
58649
58680
58680
58706
58706
58717
58920
58920
58922
58922
59349
59349
59419
59420
59575
59587
59599
59599
59654
59654
59691
59713
59713
59769
59769
59805
59911
59911
59926
59926
60303
60303
60304
60304
60311
60315
60318
60321
60663
60663
60664
60664
62146
62148
62240
62240
62261
62261
62261
62261
62407
62407
62410
62410
62843
62844
62876
62876
62877
62877
63023
63023
63027
63027
63081
63082
63767
63773
63938
63953
63967
63967
63979
63979
64266
64266
64275
64275
64451
64453
65138
65144
65144
65145
65147
65147
65305
65305
65306
65306
65310
65312
65336
65345
65345
65363
65363
65376
65399
65411
65411
65428
65428
65441
65643
65647
65659
65659
65662
65662
65863
65868
65868
65878
65878
65885
65911
65916
65916
65925
65925
65931
66253
66270
66270
66318
66318
66366
66415
66458
66458
66461
66466
66509
66509
66533
66533
66556
66556
66576
66903
66903
66904
66904
66913
66917
67114
67114
67137
67137
67281
67293
67369
67369
67378
67378
67481
67482
67755
67768
67802
67802
67809
67809
67939
67939
67943
67943
67970
67971
68241
68252
68314
68314
68314
68314
68508
68508
68521
68521
68638
68652
68908
68914
68914
68915
68916
68916
69294
69294
69294
69294
69826
69826
69860
69904
69904
69937
69937
69956
69998
70000
70000
70004
70004
70006
70199
70199
70219
70223
70223
70258
70316
70365
70368
70368
70398
70398
70434
70435
70510
70510
70526
70586
70586
70691
70839
70862
70862
70865
70868
70868
70922
70922
70932
70932
71291
71305
71305
71315
71340
71340
71369
71373
71373
71427
71427
71465
72614
72644
72644
72701
72701
72723
72863
72863
72881
72881
72917
72930
72959
73029
73031
73031
73058
73058
74993
75066
75105
75105
75125
75125
75257
75257
75264
75264
75356
75396
76550
76561
76561
76600
76600
76639
76907
76909
76930
76930
76933
76933
77369
77369
77640
77640
77652
77652
80345
80347
80397
80397
80415
80415
80684
80686
80699
80699
80723
80723
80743
80743
80762
80762
80771
80789
80912
80928
80928
80928
80930
80930
81734
81734
81735
81735
81763
81775
82193
82193
82196
82196
82317
82317
82319
82319
82368
82370
82506
82506
82507
82507
82510
82512
82614
82614
82633
82640
82640
82640
82640
82672
82732
82732
82855
82855
82865
82865
83401
83401
83403
83403
83422
83422
83567
83567
83568
83568
83769
83773
83778
83778
83780
83780
83916
84087
84087
84089
84089
84107
84130
84205
84205
84210
84210
84367
84485
84731
84870
84870
84872
84872
84896
85781
86208
86210
86399
86399
86414
86414
86616
86616
86616
86616
86616
86616
87047
87047
87049
87049
87049
87051
88220
88220
88222
88232
88232
88250
90001
90005
90006
90006
90006
90006
91036
91036
91042
91042
91108
91127
91160
91167
91167
91169
91171
91171
91201
91201
91204
91204
91204
91209
91469
91469
91471
91471
91483
91502
92577
92581
92581
92583
92583
92583
92899
92901
92901
92909
92909
92915
94679
94680
94685
94685
94693
94693
94698
94698
94707
94709
94709
94722
96231
96231
96241
96241
96246
96246
97140
97140
97145
97145
97193
97203
99051
99059
99060
99060
99069
99069
99104
99104
99113
99113
99122
99134
99937
99937
99939
99939
99944
99944
99949
99949
99951
99951
99953
99954
1.0054e+05
1.0055e+05
1.0055e+05
1.0055e+05
1.0055e+05
1.0055e+05
1.0092e+05
1.0092e+05
1.0092e+05
1.0092e+05
1.0092e+05
1.0093e+05
1.015e+05
1.015e+05
1.0151e+05
1.0151e+05
1.0151e+05
1.0151e+05
1.0161e+05
1.0161e+05
1.0174e+05
1.0174e+05
1.0175e+05
1.0175e+05
1.0256e+05
1.0258e+05
1.0258e+05
1.0262e+05
1.0262e+05
1.0262e+05
1.0265e+05
1.0266e+05
1.0266e+05
1.027e+05
1.027e+05
1.0271e+05
1.0301e+05
1.0307e+05
1.0307e+05
1.0332e+05
1.0332e+05
1.0355e+05
1.0369e+05
1.0369e+05
1.0374e+05
1.0374e+05
1.0374e+05
1.0374e+05
1.0388e+05
1.0388e+05
1.0389e+05
1.0389e+05
1.0393e+05
1.0394e+05
1.0492e+05
1.0492e+05
1.0492e+05
1.0492e+05
1.0492e+05
1.0492e+05
1.0492e+05
1.0492e+05
1.0492e+05
1.0492e+05
1.0496e+05
1.0496e+05
1.0496e+05
1.0496e+05
1.0496e+05
1.0496e+05
1.0497e+05
1.0497e+05
1.0514e+05
1.0514e+05
1.0514e+05
1.0514e+05
1.0524e+05
1.0524e+05
1.0533e+05
1.0533e+05
1.0533e+05
1.0533e+05
1.0556e+05
1.0556e+05
1.0567e+05
1.0567e+05
1.0567e+05
1.0567e+05
1.0567e+05
1.0567e+05
1.0621e+05
1.0625e+05
1.0625e+05
1.0626e+05
1.0626e+05
1.0627e+05
1.1088e+05
1.1088e+05
1.1089e+05
1.1089e+05
1.1089e+05
1.1089e+05
1.1206e+05
1.1206e+05
1.1206e+05
1.1206e+05
1.1207e+05
1.1207e+05
1.1265e+05
1.1265e+05
1.1265e+05
1.1265e+05
1.1266e+05
1.1266e+05
1.1271e+05
1.1271e+05
1.1272e+05
1.1272e+05
1.1272e+05
1.1274e+05
1.1286e+05
1.1286e+05
1.1286e+05
1.1286e+05
1.1287e+05
1.1287e+05
1.1287e+05
1.1288e+05
1.1289e+05
1.1289e+05
1.1289e+05
1.1289e+05
1.1306e+05
1.1307e+05
1.1307e+05
1.1308e+05
1.1308e+05
1.1308e+05
1.1308e+05
1.1308e+05
1.131e+05
1.1311e+05
1.1311e+05
1.1313e+05
1.1313e+05
1.1315e+05
1.1317e+05
1.1317e+05
1.1317e+05
1.1317e+05
1.1359e+05
1.1359e+05
1.1359e+05
1.1359e+05
1.136e+05
1.1363e+05
1.1373e+05
1.1373e+05
1.1375e+05
1.1375e+05
1.1375e+05
1.1375e+05
1.1396e+05
1.1396e+05
1.1396e+05
1.1396e+05
1.1405e+05
1.1405e+05
1.1494e+05
1.1494e+05
1.1494e+05
1.1494e+05
1.1499e+05
1.1499e+05
1.1548e+05
1.155e+05
1.1551e+05
1.1551e+05
1.1551e+05
1.1551e+05
1.1554e+05
1.1554e+05
1.1554e+05
1.1558e+05
1.1558e+05
1.1559e+05
1.1646e+05
1.1646e+05
1.1646e+05
1.1646e+05
1.1646e+05
1.1647e+05
1.1725e+05
1.1725e+05
1.1725e+05
1.1725e+05
1.2048e+05
1.206e+05
1.206e+05
1.207e+05
1.207e+05
1.2074e+05
1.2095e+05
1.2098e+05
1.2098e+05
1.2106e+05
1.2106e+05
1.2113e+05
1.2399e+05
1.2399e+05
1.2399e+05
1.2399e+05
1.2399e+05
1.2399e+05
1.2437e+05
1.2448e+05
1.2531e+05
1.2531e+05
1.2531e+05
1.2531e+05
1.2533e+05
1.2555e+05
1.2555e+05
1.2565e+05
1.2582e+05
1.2582e+05
1.2582e+05
1.2582e+05
1.2619e+05
1.2623e+05
1.2908e+05
1.2908e+05
1.2909e+05
1.2909e+05
1.3198e+05
1.3198e+05
1.3198e+05
1.3198e+05
1.3201e+05
1.3202e+05
1.3202e+05
1.3202e+05
1.3203e+05
1.3203e+05
1.3204e+05
1.3204e+05
1.3206e+05
1.3206e+05
1.3206e+05
1.3206e+05
1.3223e+05
1.3225e+05
1.3238e+05
1.3238e+05
1.3238e+05
1.3238e+05
1.3241e+05
1.3242e+05
1.3316e+05
1.3316e+05
1.3316e+05
1.3317e+05
1.3317e+05
1.3317e+05
1.3341e+05
1.3344e+05
1.3344e+05
1.3345e+05
1.3345e+05
1.3345e+05
1.3352e+05
1.3352e+05
1.3352e+05
1.3354e+05
1.3354e+05
1.3356e+05
1.3472e+05
1.3472e+05
1.3472e+05
1.3474e+05
1.3474e+05
1.3476e+05
1.359e+05
1.359e+05
1.3594e+05
1.3594e+05
1.3594e+05
1.3594e+05
1.3698e+05
1.3698e+05
1.37e+05
1.37e+05
1.3704e+05
1.3704e+05
1.3708e+05
1.3708e+05
1.3708e+05
1.3708e+05
1.3722e+05
1.3722e+05
1.3921e+05
1.3921e+05
1.3921e+05
1.3921e+05
1.3923e+05
1.3932e+05
1.4276e+05
1.4276e+05
1.4277e+05
1.4277e+05
1.4278e+05
1.4279e+05
1.4401e+05
1.4401e+05
1.4402e+05
1.4402e+05
1.4408e+05
1.4408e+05
1.4437e+05
1.4438e+05
1.4439e+05
1.4439e+05
1.4441e+05
1.4441e+05
1.4443e+05
1.4443e+05
1.4445e+05
1.4446e+05
1.4446e+05
1.4449e+05
1.518e+05
1.5181e+05
1.5181e+05
1.5182e+05
1.5184e+05
1.5184e+05
1.5192e+05
1.5192e+05
1.5192e+05
1.5197e+05
1.5197e+05
1.5201e+05
1.5417e+05
1.5419e+05
1.5419e+05
1.5419e+05
1.5419e+05
1.5419e+05
1.5438e+05
1.5438e+05
1.5438e+05
1.5438e+05
1.5438e+05
1.5439e+05
1.5702e+05
1.5702e+05
1.5703e+05
1.5703e+05
1.5703e+05
1.5703e+05
1.58e+05
1.58e+05
1.58e+05
1.5801e+05
1.5801e+05
1.5802e+05
1.5805e+05
1.5807e+05
1.5807e+05
1.5808e+05
1.5808e+05
1.5808e+05
1.5857e+05
1.5857e+05
1.5857e+05
1.5857e+05
1.5865e+05
1.5865e+05
1.6013e+05
1.6014e+05
1.6023e+05
1.6023e+05
1.6024e+05
1.6024e+05
1.6056e+05
1.6056e+05
1.6056e+05
1.6056e+05
1.6093e+05
1.6093e+05
1.66e+05
1.6603e+05
1.6603e+05
1.6607e+05
1.6607e+05
1.6609e+05
1.6631e+05
1.6635e+05
1.6635e+05
1.6647e+05
1.6647e+05
1.6656e+05
1.6758e+05
1.6758e+05
1.6759e+05
1.6759e+05
1.6759e+05
1.6763e+05
1.6893e+05
1.6893e+05
1.6893e+05
1.6893e+05
1.6893e+05
1.6893e+05
1.6983e+05
1.6983e+05
1.6984e+05
1.6984e+05
1.6985e+05
1.6985e+05
1.734e+05
1.734e+05
1.7347e+05
1.7347e+05
1.7347e+05
1.7347e+05
1.7398e+05
1.7398e+05
1.7398e+05
1.7398e+05
1.759e+05
1.759e+05
1.759e+05
1.7591e+05
1.7591e+05
1.7591e+05
1.7592e+05
1.7596e+05
1.7596e+05
1.7599e+05
1.7599e+05
1.76e+05
1.7756e+05
1.7826e+05
1.7941e+05
1.7941e+05
1.7941e+05
1.7941e+05
1.7967e+05
1.7987e+05
1.8041e+05
1.8041e+05
1.8044e+05
1.8044e+05
1.8045e+05
1.8045e+05
1.8292e+05
1.8292e+05
1.8292e+05
1.8292e+05
1.83e+05
1.83e+05
1.8496e+05
1.8496e+05
1.8496e+05
1.8496e+05
1.8499e+05
1.8502e+05
1.9481e+05
1.9483e+05
1.9485e+05
1.9485e+05
1.9485e+05
1.9485e+05
1.9852e+05
1.9852e+05
1.9852e+05
1.9852e+05
1.9852e+05
1.9853e+05
1.992e+05
1.9921e+05
1.9922e+05
1.9922e+05
1.9923e+05
1.9923e+05
1.996e+05
1.996e+05
1.996e+05
1.996e+05
1.996e+05
1.9961e+05
2.0114e+05
2.0114e+05
2.0114e+05
2.0114e+05
2.0114e+05
2.0114e+05
2.0131e+05
2.0133e+05
2.0133e+05
2.0133e+05
2.0133e+05
2.0133e+05
2.0149e+05
2.0149e+05
2.0149e+05
2.0149e+05
2.015e+05
2.015e+05
2.0249e+05
2.0249e+05
2.025e+05
2.025e+05
2.0252e+05
2.0253e+05
2.0344e+05
2.0344e+05
2.0344e+05
2.0344e+05
2.0345e+05
2.0345e+05
2.0461e+05
2.0461e+05
2.0466e+05
2.0466e+05
2.0466e+05
2.0466e+05
2.0533e+05
2.0533e+05
2.0533e+05
2.0533e+05
2.0541e+05
2.0541e+05
2.0592e+05
2.0592e+05
2.0593e+05
2.0593e+05
2.0593e+05
2.0593e+05
2.0594e+05
2.0594e+05
2.0594e+05
2.0594e+05
2.0595e+05
2.0595e+05
2.063e+05
2.0631e+05
2.0633e+05
2.0633e+05
2.0634e+05
2.0634e+05
2.0863e+05
2.0863e+05
2.0863e+05
2.0863e+05
2.0864e+05
2.0865e+05
2.1518e+05
2.1518e+05
2.152e+05
2.152e+05
2.152e+05
2.152e+05
2.1611e+05
2.1611e+05
2.1611e+05
2.1611e+05
2.1617e+05
2.1618e+05
2.2579e+05
2.258e+05
2.258e+05
2.258e+05
2.2581e+05
2.2581e+05
2.2758e+05
2.2758e+05
2.2759e+05
2.2759e+05
2.2764e+05
2.2764e+05
2.2996e+05
2.2996e+05
2.2996e+05
2.2996e+05
2.2996e+05
2.2996e+05
2.3056e+05
2.3057e+05
2.307e+05
2.307e+05
2.307e+05
2.307e+05
2.3153e+05
2.3153e+05
2.3155e+05
2.3155e+05
2.3178e+05
2.3178e+05
2.3563e+05
2.3563e+05
2.3563e+05
2.3563e+05
2.3565e+05
2.3565e+05
2.3569e+05
2.357e+05
2.357e+05
2.357e+05
2.357e+05
2.357e+05
2.3593e+05
2.3593e+05
2.3593e+05
2.3593e+05
2.3615e+05
2.3634e+05
2.3803e+05
2.3809e+05
2.3809e+05
2.3816e+05
2.3816e+05
2.3818e+05
2.3845e+05
2.3845e+05
2.3845e+05
2.3845e+05
2.3845e+05
2.3846e+05
2.3891e+05
2.3893e+05
2.3893e+05
2.3895e+05
2.3895e+05
2.3896e+05
2.3899e+05
2.3899e+05
2.3899e+05
2.3899e+05
2.3899e+05
2.3903e+05
2.4245e+05
2.4245e+05
2.4458e+05
2.4458e+05
2.4458e+05
2.4458e+05
2.5504e+05
2.5504e+05
2.5504e+05
2.5504e+05
2.5504e+05
2.5504e+05
2.5521e+05
2.5521e+05
2.5521e+05
2.5521e+05
2.5559e+05
2.5559e+05
2.5559e+05
2.5559e+05
2.556e+05
2.5561e+05
2.5834e+05
2.587e+05
2.6183e+05
2.6183e+05
2.6183e+05
2.6183e+05
2.6202e+05
2.6202e+05
2.6203e+05
2.6203e+05
2.6203e+05
2.6206e+05
2.6352e+05
2.6398e+05
2.7384e+05
2.7384e+05
2.7391e+05
2.7391e+05
2.7391e+05
2.7391e+05
2.7402e+05
2.7402e+05
2.7402e+05
2.7402e+05
2.7406e+05
2.7406e+05
2.8359e+05
2.8367e+05
2.8367e+05
2.8375e+05
2.8375e+05
2.838e+05
2.8397e+05
2.8399e+05
2.8399e+05
2.8403e+05
2.8403e+05
2.8414e+05
2.8558e+05
2.856e+05
2.856e+05
2.856e+05
2.856e+05
2.856e+05
2.934e+05
2.934e+05
2.9341e+05
2.9345e+05
2.9345e+05
2.9353e+05
3.0979e+05
3.098e+05
3.098e+05
3.098e+05
3.098e+05
3.098e+05
3.1049e+05
3.1049e+05
3.105e+05
3.105e+05
3.105e+05
3.108e+05
3.1999e+05
3.2001e+05
3.2004e+05
3.2004e+05
3.2005e+05
3.2005e+05
3.202e+05
3.202e+05
3.2023e+05
3.2023e+05
3.2039e+05
3.2039e+05
3.4199e+05
3.4202e+05
3.4202e+05
3.4205e+05
3.4205e+05
3.4206e+05
3.421e+05
3.421e+05
3.421e+05
3.421e+05
3.421e+05
3.4211e+05
3.4712e+05
3.4712e+05
3.4713e+05
3.4713e+05
3.4713e+05
3.4713e+05
3.4853e+05
3.4853e+05
3.4855e+05
3.4855e+05
3.4871e+05
3.4872e+05
3.5517e+05
3.5517e+05
3.5518e+05
3.5518e+05
3.5519e+05
3.5519e+05
3.5614e+05
3.5614e+05
3.5614e+05
3.5614e+05
3.5618e+05
3.5618e+05
3.5986e+05
3.5986e+05
3.6008e+05
3.6008e+05
3.6009e+05
3.6009e+05
3.615e+05
3.6151e+05
3.6151e+05
3.6151e+05
3.6151e+05
3.6151e+05
3.6435e+05
3.6435e+05
3.6435e+05
3.6435e+05
3.6448e+05
3.6451e+05
3.7208e+05
3.7208e+05
3.7208e+05
3.7211e+05
3.7211e+05
3.7215e+05
3.7716e+05
3.7716e+05
3.7716e+05
3.7716e+05
3.7716e+05
3.7716e+05
3.7786e+05
3.7786e+05
3.7786e+05
3.7786e+05
3.7786e+05
3.7789e+05
4.2261e+05
4.2262e+05
4.2284e+05
4.2284e+05
4.2285e+05
4.2285e+05
4.2587e+05
4.2587e+05
4.2588e+05
4.2588e+05
4.271e+05
4.2827e+05
4.7241e+05
4.7241e+05
4.7244e+05
4.7244e+05
4.7245e+05
4.7245e+05
4.7269e+05
4.7269e+05
4.727e+05
4.727e+05
4.7281e+05
4.7281e+05
4.7367e+05
4.7367e+05
4.7367e+05
4.7367e+05
4.7367e+05
4.7367e+05
4.772e+05
4.7721e+05
4.7721e+05
4.7722e+05
4.7722e+05
4.7723e+05
4.8939e+05
4.8944e+05
4.8944e+05
4.8945e+05
4.8945e+05
4.8945e+05
4.8974e+05
4.8974e+05
4.8974e+05
4.8974e+05
4.8974e+05
4.8984e+05
5.025e+05
5.025e+05
5.025e+05
5.025e+05
5.0518e+05
5.0518e+05
5.167e+05
5.167e+05
5.1671e+05
5.1671e+05
5.1671e+05
5.1671e+05
5.2076e+05
5.2076e+05
5.2076e+05
5.2076e+05
5.2086e+05
5.2306e+05
6.3325e+05
6.3325e+05
6.3325e+05
6.3325e+05
6.3325e+05
6.3325e+05
6.3654e+05
6.3654e+05
6.3655e+05
6.3655e+05
6.3655e+05
6.3656e+05
6.4027e+05
6.4027e+05
6.4034e+05
6.4034e+05
6.4035e+05
6.4035e+05
6.4214e+05
6.4214e+05
6.4216e+05
6.4216e+05
6.4238e+05
6.4255e+05
7.2263e+05
7.2263e+05
7.2263e+05
7.2263e+05
7.2263e+05
7.2263e+05
7.2421e+05
7.2421e+05
7.2422e+05
7.2422e+05
7.2427e+05
7.2427e+05
7.4268e+05
7.4268e+05
7.4276e+05
7.4276e+05
7.4276e+05
7.4276e+05
7.4373e+05
7.4373e+05
7.4373e+05
7.4373e+05
7.4385e+05
7.4385e+05
8.8695e+05
8.8695e+05
8.8695e+05
8.8695e+05
8.8695e+05
8.8695e+05
8.8801e+05
8.8801e+05
8.8801e+05
8.8801e+05
8.8804e+05
8.882e+05
9.4932e+05
9.4932e+05
9.4935e+05
9.4935e+05
9.4935e+05
9.4935e+05
9.5128e+05
9.5128e+05
9.5128e+05
9.5128e+05
9.5135e+05
9.5135e+05
1.0075e+06
1.0075e+06
1.0075e+06
1.0075e+06
1.0075e+06
1.0075e+06
1.0076e+06
1.0076e+06
1.0076e+06
1.0076e+06
1.0076e+06
1.0076e+06
1.6176e+06
1.6176e+06
1.6176e+06
1.6176e+06
1.6176e+06
1.6176e+06
1.6192e+06
1.6192e+06
1.6192e+06
1.6192e+06
1.6193e+06
1.6193e+06
