6.8908775110666e-15
1.99999999997057
2.00000000002831
2.00000000005176
5.99999999993321
5.99999999994049
5.9999999999944
6.00000000000193
6.00000000003682
12.000011666431
12.0000203832505
12.0000245862453
12.0000248988297
12.0000248989281
12.0000342794241
12.0000342795006
20.0001218679776
20.000121867992
20.0001316066148
20.0001882358219
20.0001882359287
20.0001897566006
20.000204020148
20.0002353835897
20.000235383595
30.000514523043
30.0005342312919
30.0005342312973
30.0006351771669
30.0006351772085
30.0007710415613
30.0007710416081
30.0008366977709
30.0008366978191
30.0008567330243
30.0010057704493
42.0015074819054
42.0017035343687
42.0017035344149
42.0017173110922
42.001835191963
42.0021106165486
42.0021106166015
42.0022517956436
42.0022517956669
42.0023774489996
42.0027837238621
42.0028426202642
42.0028426203454
56.0038623267958
56.0041114167326
56.0041114167906
56.0045824503402
56.0045824503574
56.0049565615961
56.0050399060642
56.0050399060711
56.0053239149069
56.0057973412668
56.0064677346884
56.0064677347519
56.0066381505736
56.0066381505927
56.0069174563177
72.0088579158198
72.0089633345538
72.0089633345783
72.0098798931476
72.0098798931514
72.0103313458867
72.0103382365958
72.0103382366255
72.0120705849926
72.0120705850261
72.0136358014448
72.0137196378533
72.0138678968108
72.0138678968236
72.0145373034842
72.0145373035104
72.014642252227
90.0179171255538
90.0179551102542
90.0179551102623
90.0198444154136
90.0198444154401
90.019891442259
90.0209392881049
90.0210835173021
90.0238302929978
90.0238302930288
90.0255138304808
90.0255138304822
90.026450871756
90.0268133482933
90.026813348295
90.0270366843876
90.0287153850035
90.028715385012
90.0293480766653
110.034304198684
110.034304198694
110.034595487363
110.036038763231
110.036038763237
110.037120453283
110.039137658788
110.039137658804
110.041761143644
110.044983544045
110.046299173631
110.046299173635
110.04634663537
110.047918319879
110.047918319883
110.049122948478
110.051519707312
110.051519707351
110.052291703287
110.052485809346
110.052485809375
