5.77480554694865e-13
1.99999999970809
2.00000000014486
2.00000000014526
6.0392480566989
6.03924805669904
6.0711463681304
6.11934684296385
6.11934684296461
12.2008470360137
12.2040460585795
12.4333264522543
12.4333264522545
12.4782566589873
12.4782566589874
12.5585945992478
20.6271337647564
20.6271337647565
21.0176771315866
21.3229867004046
21.3747163303487
21.3747163303488
21.6740935926707
21.7189433220496
21.7189433220498
31.4432645956588
31.4432645956591
32.5156664050666
32.5156664050668
32.8169709207495
33.1128722004845
33.8049527770337
33.8049527770341
34.0640168060207
34.0640168060212
34.2878039332886
44.5685176363238
45.1647834127584
46.5814676148462
46.5814676148469
47.4634823954322
47.4634823954323
48.7649876718563
49.227431955022
49.7712660620633
49.7712660620637
50.1783111630444
50.9016647282981
50.9016647282984
60.8855077837805
60.8855077837809
63.7015800955978
64.3345533236724
65.1182791154998
65.1182791155001
67.4707931582945
67.4707931582947
67.498494626309
69.8531831592004
70.4246342130958
70.4246342130958
72.2415161733757
72.2415161733758
73.1984842291481
80.4181586823573
80.4181586823575
84.8211574678779
84.8211574678779
86.0476251281108
86.3240311475222
89.6810493072264
89.6810493072265
90.4660529430958
90.4660529430959
92.7336039506913
95.4896419506829
95.4896419506831
98.3284828963658
99.2121154413875
101.938460872283
101.938460872283
103.192863974408
103.366991751022
108.565709573155
108.565709573156
111.329482120506
111.329482120506
112.725566115406
117.24878053493
118.099387003618
118.099387003618
121.114816285509
121.864619263133
121.864619263133
126.809403291658
129.367936389336
129.367936389336
131.232925739602
131.232925739602
135.375680805023
135.375680805024
136.557967480371
136.884065846726
137.084600337162
138.100676488496
138.100676488497
144.491701220703
144.491701220703
145.71224230531
152.28907426074
155.35439655443
155.35439655443
157.587952871515
158.230024672512
158.230024672512
160.208754398887
160.208754398887
164.210831480203
164.210831480203
165.283133338695
165.283133338695
166.214276211634
167.535185922435
171.135934383394
171.135934383395
173.166700818934
179.966978951229
180.334859842776
180.334859842776
185.866819235766
185.866819235766
186.563243460008
187.174015526611
191.103812978867
191.505523349024
191.505523349025
193.197778934412
193.197778934412
195.921077524815
198.611464902668
200.106021322841
200.106021322841
201.807352855449
201.807352855449
202.355772332949
209.130300595844
209.130300595844
216.350561225679
225.399168554818
225.399168554819
227.255182539952
227.255182539952
230.039428704383
231.212280283612
233.728331785661
238.455521105563
238.455521105564
241.989518988897
241.989518988897
243.389139141058
244.525180142105
244.525180142105
246.635699849464
246.635699849464
248.885457215971
250.046181862581
255.31235582457
255.313323955858
257.203534578444
257.203534578444
265.879076259827
265.879076259828
268.8801677695
278.398622814103
278.398622814103
278.620737509718
278.620737509719
290.818348125953
291.338387970714
291.338387970714
300.895811713435
303.396936511796
303.396936511797
303.404913545412
303.404913545412
306.186040216955
308.873405675469
317.83670467221
319.060185532571
319.060185532572
320.372166873792
320.372166873793
322.692286832226
324.019288322338
324.019288322339
324.338466876501
324.338466876502
328.590374414809
329.960071238304
329.960071238305
331.176234802892
331.176234802892
335.886049505955
339.440043834986
341.298254367563
353.429082951303
354.086469788369
354.08646978837
354.682594422359
360.651256758659
360.651256758659
361.724693872882
365.027262565516
369.65091524741
369.65091524741
370.667834714349
370.66783471435
376.951107634562
378.389522189469
378.38952218947
384.401311215455
389.036449654999
389.036449655
389.559609820154
389.559609820154
396.175031658351
396.175031658352
406.743977223291
412.418431120668
415.069595496245
415.069595496246
416.361801310342
416.361801310344
421.844215909458
427.841281398911
427.841281398912
436.313891835629
436.313891835629
446.501425784339
453.849790923712
456.703485054027
463.449598395167
491.113015057211
491.650168412274
491.650168412278
491.781733332247
491.781733332247
503.672920665653
549.73864734545
554.308003497527
554.308003497527
562.291847792427
563.444376626733
563.444376626733
566.577894905658
566.577894905658
572.192414350763
579.007251114143
579.007251114145
584.189342938744
584.189342938748
588.970075527892
593.41080394871
593.410803948711
594.100045900387
601.591949315158
639.46385867521
646.22134622484
646.221346224843
675.810371176862
675.810371176865
701.236160060292
724.118177860854
724.118177860858
727.751724231588
727.751724231593
764.542489539334
771.653005399534
777.711659737612
777.711659737612
782.87666901243
782.87666901243
794.372471792492
799.106057791977
800.49139400846
802.066188875291
802.066188875292
803.666405566182
807.983596087025
807.983596087025
808.228791201929
838.587143438612
842.128714952982
842.128714952984
850.562162168747
850.562162168748
851.66672090797
857.451093044541
863.331627107429
863.331627107431
876.939779973842
876.939779973842
880.580657638007
885.712783012055
889.816676017766
889.816676017769
900.153036092325
900.15303609233
926.171018853689
930.784801410545
930.784801410546
933.882485524023
933.882485524024
934.314638680629
939.79936174599
954.854010358624
962.91198947765
962.911989477652
963.830740348783
963.830740348784
984.994007830829
984.994007830836
985.152064115497
1009.94658700011
1019.98482625557
1019.98482625558
1051.06366778191
1051.06366778191
1052.25420377878
1052.25420377878
1053.17274384559
1076.44365099308
1144.4207730815
1157.43042651389
1157.43042651391
1170.24915804369
1178.11752293335
1178.11752293337
1196.6729976445
1196.67299764451
1196.83336553431
1197.74581139269
1201.82280373199
1201.82280373201
1232.70542956877
1233.09843250228
1233.09843250228
1234.35942134563
1238.86388823973
1238.86388823974
1252.39149564391
1262.27541151671
1272.46957272952
1276.15400607393
1276.15400607393
1278.54574464207
1278.54574464208
1292.39776981803
1292.39776981803
1293.61926594979
1295.77049224367
1302.68301255962
1302.68301255963
1317.88250223658
1323.5517831679
1323.55178316791
1330.66399263577
1330.66399263577
1344.33064174848
1363.16037310542
1363.16037310542
1367.32231615345
1367.32231615346
1367.81449855344
1387.42489093207
1404.52437221388
1404.52437221389
1422.47708226781
1422.47708226781
1434.69126183515
1463.60684693803
1465.95233595656
1465.95233595659
1470.72175007946
1470.87741488046
1470.87741488048
1663.07446398551
1669.05650347421
1669.05650347422
1691.89287721724
1691.89287721725
1758.7198382054
1800.22123143447
1800.29015220143
1839.74169289028
1839.74169289029
1840.15441831468
1840.15441831469
1923.37075207844
1923.76090054463
1976.56180987374
1976.56180987375
1976.68766221427
1976.68766221427
1991.72308276136
1994.3570216468
2122.26628610007
2129.15408518345
2129.15408518345
2129.25628283196
2134.04003142008
2134.04003142009
2284.80817760318
2284.80817760318
2288.71212309855
2288.71212309855
2320.62709639322
2321.22829758649
3143.82903776024
3143.84176580588
3170.2662518089
3170.2662518089
3170.54510903123
3170.54510903123
3342.17358836341
3342.17358836341
3342.96531116286
3342.96531116286
3368.54864119131
3371.29080054784
6309.03018759257
6310.5306300854
6310.5306300854
6312.84478845881
6312.84478845881
6313.79196491576
6407.41663810538
6409.6186965161
6409.61869651613
6439.32436028612
6439.32436028613
6543.99385753785
12647.3288935682
12647.3288935682
12647.3434925746
12647.3434925746
12838.2790130514
12843.1128701436
