-3.66513031865203e-15
1.99999961114223
1.99999824450684
1.99999824450682
6.00000104114127
6.00000137620495
6.00000137620496
5.99999572748212
5.9999957274821
11.9999998167617
11.9999980933403
12.0000143177908
12.0000143177908
12.0000264765625
12.0000264765625
12.0000377581355
20.0000204146104
20.0000204146104
20.0000572212461
20.0000727023291
20.0001172312281
20.0001172312281
20.00016063234
20.0001654763108
20.0001654763108
30.0000882772915
30.0000882772915
30.0002028204716
30.0002028204716
30.0003439175291
30.0003445388533
30.0004873061469
30.0004873061469
30.0005290866054
30.0005290866054
30.0006152928338
42.0002506350455
42.0002567971154
42.0005060530094
42.0005060530094
42.000827712313
42.000827712313
42.001148934057
42.0011793118573
42.001319754167
42.001319754167
42.0015361934172
42.0016139284878
42.0016139284878
56.0005993582248
56.0005993582249
56.0011024733255
56.0011125141055
56.0017363346561
56.0017363346561
56.0024013971768
56.0024013971768
56.0028310328386
56.0028433582902
56.0034286179342
56.0034286179343
56.0036244718631
56.0036244718632
56.0039034729373
72.0012498761852
72.0012498761852
72.002190868264
72.002190868264
72.0032652460543
72.0034125819837
72.0044880302836
72.0044880302836
72.0054656451319
72.0054656451319
72.0066187087274
72.0066378754327
72.0072298304967
72.0072298304967
72.0079095354335
72.0079150035036
72.0079150035036
90.0022726717913
90.0025146245222
90.0040034553435
90.0040034553435
90.0059743941122
90.0059743941123
90.0076803830683
90.0080089143673
90.0096888750847
90.0096888750848
90.011697078124
90.011697078124
90.0128895588429
90.0135250626391
90.0144438708348
90.0144438708348
90.0151983961517
90.0151983961518
90.0153812023738
110.004275037346
110.004275037346
110.006562926621
110.007267790868
110.010009505323
110.010009505323
110.012981445944
110.012981445944
110.01544526186
110.016810091843
110.019428700986
110.019428700986
110.022268048353
110.022268048353
110.024530206511
110.024796848484
110.026462191796
110.026462191796
110.027531013596
110.027531013596
110.027812881474
132.007232003357
132.007232003357
132.011364288536
132.011364288536
132.01614021646
132.016255764021
132.020583898885
132.020583898885
132.025518188756
132.025518188756
132.03007970537
132.031152758197
132.035440455554
132.035440455554
132.039778938515
132.039778938515
132.042468656231
132.043431841534
132.045918653729
132.045918653729
132.046795987746
132.046795987746
132.047967642698
