-7.91033905045424e-16
1.99966061420877
1.9996949189759
1.99971192541411
5.99922916176248
5.99938346360675
5.99942180261972
5.99949689880009
5.99954545182145
12.0012339182936
12.001262924067
12.0015067103745
12.0020060401656
12.0020905117924
12.0025722482923
12.003183330755
20.0128019906079
20.0140230740106
20.0144208912153
20.0151793283068
20.0162114589738
20.0172946954427
20.0183522217285
20.0192273407064
20.020325787484
30.0510550259005
30.0543204675034
30.0556370095547
30.0576036585202
30.0604063596125
30.0631110781329
30.0640337247771
30.0660379567859
30.0670212769908
30.0710305735413
30.081050367279
42.1424450756054
42.1546511246056
42.1559325837121
42.1623028143566
42.1644908713082
42.1682461808682
42.1727323920647
42.1761421222704
42.1800063882118
42.183781924056
42.1926053674581
42.2080183932265
42.246081733495
56.3418376020312
56.3517630889957
56.3594868715334
56.3706401692291
56.3729863640986
56.3774725738834
56.3903902035406
56.4061329905045
56.4133829825925
56.4341305149915
56.4507973664251
56.4605349214637
56.4670456186345
56.4950147408588
56.5728328012891
72.6774764229538
72.7005682485192
72.7154501676335
72.7527236762231
72.7669356259443
72.7776663359505
72.7930946844519
72.8109604567195
72.8307332936874
72.8576593813265
72.8927987947848
72.9211631431394
72.9410844020608
72.9511671140214
72.9804791270302
73.051699835323
73.2897811561325
91.248006185888
91.2590108612572
91.3022940723139
91.337472678617
91.3681929420487
91.4638826437692
91.5107306535773
91.5514054344174
91.5773660683437
91.6132672260709
91.6315907868306
91.6390561757593
91.6835600131762
91.7756794185093
91.813829122899
91.8305769580464
91.933570345404
92.0147042944926
92.524873599369
112.026182338547
112.171199751411
112.19432514258
112.346977153387
112.395869515404
112.454495004013
112.510254796168
112.652753765934
112.683555429151
112.704798751237
112.795146322711
112.8408905964
112.914945641409
112.954461330993
113.082178771481
113.179523673489
113.212866994223
113.335336050969
113.584059615411
114.095965449715
114.22401857768
135.473066699537
135.49525465422
135.54206693664
135.720995245606
135.973174984531
136.018111424963
136.105635651833
136.247492913599
136.362649270349
136.470899936759
136.521508194449
136.644191702248
136.873305776594
136.951350934815
137.126869980449
137.200972610186
137.332041055344
137.429042711217
137.648460697907
137.691137571152
137.933659703701
138.236715024511
138.55133496947
160.668635698129
160.92947030124
161.241743034389
161.475877936014
161.967441062369
162.140252496469
