-1.35447209004269e-14
1.99999990543073
1.9999999139318
1.99999991981995
5.99999978635634
5.99999980633899
5.99999981114958
5.99999982004391
5.99999984797029
12.0000003577626
12.0000003728675
12.0000004106419
12.000000454874
12.0000004716619
12.0000004899617
12.0000005540136
20.000004068131
20.0000040850217
20.0000042229454
20.0000042535788
20.000004362186
20.0000044376768
20.0000044921501
20.0000046059031
20.0000049631437
30.0000166008153
30.0000170651822
30.0000172025892
30.0000173075534
30.000017549401
30.0000178833017
30.0000181568687
30.0000183351854
30.0000183659079
30.0000186517854
30.0000190581642
42.0000503423515
42.0000508611141
42.0000510051058
42.0000511563671
42.0000515570997
42.0000518942672
42.0000522711619
42.0000527017412
42.0000530750365
42.0000543430543
42.0000545649808
42.0000560202499
42.0000581463123
56.0001230160053
56.000124321957
56.0001260258422
56.0001262272721
56.0001272752384
56.0001285289979
56.0001297801838
56.0001303550874
56.0001309374524
56.0001319679448
56.0001326700456
56.0001334950465
56.0001357846725
56.0001377923608
56.0001412314673
72.0002678532771
72.0002695557153
72.000270635185
72.0002733950001
72.0002753449312
72.000277422046
72.000279632886
72.0002816101953
72.0002831418893
72.0002863942159
72.0002882228185
72.0002897256003
72.000291973459
72.0002952491317
72.0002967038677
72.0002987237929
72.0003069409786
90.0005239917901
90.0005349402786
90.000541119433
90.0005427372757
90.0005458310471
90.0005488037183
90.0005506631759
90.0005535824388
90.0005571022256
90.0005603311213
90.000567166547
90.0005683765316
90.0005699689913
90.000572567669
90.0005807615225
90.0005846740428
90.0005893139204
90.0006000229751
90.0006139591099
110.000971362225
110.00097856691
110.000992393001
110.001001574734
110.001004456632
110.001006998642
110.001009932265
110.001015403344
110.001018563641
110.001023331093
110.001028873326
110.001037943512
110.001045361928
110.001055669522
110.00105761726
110.001063637773
110.001076166546
110.001091769836
110.001097579162
110.001111351355
110.001125016112
132.001692582167
132.001699613388
132.001709200997
132.00172317442
132.001734433012
132.001747105583
132.001751882805
132.001771389715
132.001779008562
132.001783993355
132.001788859512
132.001794986666
132.001812458813
132.001819043263
132.001822145431
132.00182548338
132.001843069227
132.001860982091
132.001875992991
132.001894183709
132.001917614343
132.001942158374
132.001960496457
156.002779850155
156.002792489956
156.002814836339
156.002856117121
156.002864504275
156.002883806307
