3.86976082532412e-15
1.99999999999361
1.99999999999358
1.99999999999153
5.99999999998178
5.99999999998174
5.99999999997702
5.99999999997701
5.99999999997554
12.0000006937122
12.0000012643025
12.0000015193626
12.0000015193626
12.0000015234592
12.0000020620567
12.0000020620567
20.0000074784226
20.0000074784227
20.0000081177441
20.0000112652966
20.0000112652966
20.0000116381361
20.0000128351193
20.0000143728448
20.0000143728448
30.0000311021121
30.0000328667505
30.0000328667505
30.0000377805937
30.0000377805937
30.0000484210266
30.0000484210266
30.000049609839
30.0000524466839
30.000052446684
30.0000624394772
42.00008917092
42.0000993543921
42.0001041675628
42.0001041675629
42.0001138798933
42.0001274808778
42.0001274808779
42.0001433370429
42.0001433370429
42.0001480749323
42.0001694808303
42.0001694808303
42.0001816985973
56.0002257221004
56.0002476197599
56.0002476197601
56.0002683780902
56.0002683780904
56.0003052530399
56.00030525304
56.0003073666888
56.0003380989052
56.0003652295624
56.0003981817581
56.0003981817583
56.0004146769058
56.0004275111933
56.0004275111935
72.0005135784937
72.0005203311122
72.0005203311122
72.0005984116639
72.000598411664
72.0006171701392
72.0006188179194
72.0006188179195
72.0007622612483
72.0007622612484
72.0008461527215
72.0008557552106
72.0008557552106
72.0008606676405
72.0008958496562
72.0009258286709
72.000925828671
90.0009950989855
90.0010475285802
90.0010475285803
90.0011168562041
90.0011168562041
90.0011707704402
90.0012116748073
90.0013553545869
90.0014844117867
90.0014844117867
90.0015403577275
90.0016562329594
90.0016562329595
90.0016880135131
90.0016880135131
90.0017464058254
90.0017464058254
90.0017467524382
90.0019025593133
110.001853030268
110.001905214436
110.001905214436
110.00204199305
110.00204199305
110.002124902582
110.002351320753
110.002351320753
110.002657428444
110.002818814841
110.002818814841
110.002828210105
110.002924839848
110.003080448903
110.003080448903
110.003082210694
110.003113847004
110.003113847004
110.003216947084
110.003420052987
110.003420052987
132.003254713866
132.003294759616
132.003294759618
132.003540173935
132.003540173935
132.003593881365
132.004200696425
132.004200696425
132.004571947494
132.004634523545
132.004634523545
132.004966214749
132.00496621475
132.00518161041
132.00518161041
132.005258295562
132.005307923837
132.00536894914
132.005549964733
132.005549964734
132.005740086422
132.005740086423
132.0058643776
