3.57962960948032e-14
1.99999999979614
1.99999999979616
2.00000000040787
6.15819886991743
6.15819886991754
6.2740111482909
6.51237089710414
6.51237089710418
12.8046447863366
12.8668137134137
13.8660137962482
13.8660137962483
14.0643183908823
14.0643183908824
14.2601985603363
22.4957252719868
22.4957252719869
24.5781024377111
25.3491621969032
25.8167666433307
25.8167666433307
26.7479849727083
27.335526298802
27.335526298802
35.0962790035432
35.0962790035432
39.9674130100097
39.9674130100097
40.1778891371397
42.1186229323376
43.1616769939563
43.1616769939564
49.2272797450245
49.2272797450246
50.0002782287137
51.5962275005658
52.6403953147369
52.6403953147369
56.9960569475183
63.494407865275
65.6458088372749
65.645808837275
71.1509274806215
73.9422623581793
73.9422623581794
75.0144326248292
75.0144326248292
81.121298647112
81.4208023767028
81.4208023767029
82.235197838145
84.9486168783946
84.9486168783947
86.3482172088233
97.0632359195541
99.1688073723908
99.1688073723908
101.975911855185
101.975911855185
108.257329382062
108.257329382062
110.492249125425
112.405173671748
114.666413099693
115.695321290199
115.695321290199
130.97637640777
195.408709077797
198.474898186031
198.474898186031
202.94317189753
202.94317189753
206.265491199795
219.211635234263
225.943735689394
225.943735689394
245.920387405279
245.920387405279
246.577936706965
249.272016460007
261.062756704823
261.062756704823
266.624637079996
266.624637079996
297.14893267552
360.818869992367
360.818869992368
373.183675549262
373.183675549262
406.115098907277
409.880855512308
456.035431288294
456.035431288294
458.020721258911
458.020721258911
473.405823625182
476.713376663087
948.834097509648
948.980939618149
