1.99999999997382
1.99999999997378
1.99999999996567
5.99999999992669
5.99999999992666
5.99999999992253
5.99999999990929
5.99999999990922
12.0000000443396
12.000000078872
12.000000097346
12.000000097346
12.0000001014753
12.0000001341923
12.0000001341924
20.0000004730817
20.0000004730818
20.0000005218189
20.000000728375
20.0000007283751
20.0000007496494
20.0000008552089
20.0000009456637
20.0000009456638
30.0000020460733
30.0000020827523
30.0000020827524
30.0000024633201
30.0000024633201
30.0000032273599
30.00000322736
30.0000033805735
30.0000033805735
30.0000033999778
30.0000039606275
42.0000059678101
42.0000063277883
42.0000067584389
42.000006758439
42.0000072338091
42.0000085391384
42.0000085391385
42.0000096106845
42.0000096106845
42.0000096495558
42.0000109223683
42.0000109223683
42.0000118221302
56.0000148118609
56.0000161566436
56.0000161566442
56.0000176731304
56.0000176731349
56.0000193823616
56.0000193823624
56.0000214560365
56.0000229079815
56.0000243767228
56.0000262380007
56.0000264569691
56.0000264569712
56.0000278543107
56.0000278543108
72.0000323876537
72.0000344621717
72.0000344621718
72.0000394463597
72.00003944636
72.0000408811535
72.0000408811543
72.0000414191891
72.0000509867952
72.0000509867954
72.0000546285639
72.0000553544166
72.0000562964239
72.000056296424
72.0000597414023
72.0000609889564
72.0000609889565
90.0000652785381
90.0000670598818
90.0000670598818
90.0000743624585
90.0000743624585
90.0000800487229
90.0000837215954
90.0000843083833
90.0000982427136
90.0000982427137
90.0000994402965
90.0001090577817
90.0001090577818
90.0001110814228
90.0001110814229
90.0001155533151
90.0001173923292
90.0001173923293
90.0001252355145
110.000116919497
110.000124632287
110.000124632287
110.000134194729
110.000134194729
110.000140170724
110.000155998863
110.000155998863
110.000174458073
110.000184996438
110.000185192477
110.000185192478
110.000194137465
110.000201826468
110.000201826468
110.000206493649
110.000208406724
110.000208406724
110.000223727958
110.000224135266
110.000224135266
132.000207761335
132.000211675283
132.000211675283
132.000229075055
132.000229075055
132.00023768181
132.000278703944
132.000278703945
132.000292189682
132.000310090711
132.000310090712
132.000327229884
132.000327229885
132.00033892287
132.00033892287
132.000344980692
132.000356576024
132.000364062567
132.000381156895
132.000381156895
132.000381421989
132.00038378013
132.000383780131
