-1.15978708721483e-13
2.00003438881546
2.00003438881587
2.00016422816048
6.00045382245242
6.00045382245261
6.0009640338063
6.00134786521909
6.00134786521912
12.0024080780279
12.0024439516055
12.0055047357225
12.005504735723
12.0081158019542
12.0081158019552
12.009761233013
20.0085711342749
20.0085711342755
20.0161838616308
20.0197616816539
20.0298721990548
20.0298721990561
20.0364804143244
20.0364804143251
20.0406340799925
30.0243650169582
30.0243650169582
30.0472563232634
30.0472563232637
30.0714793704177
30.0873499995293
30.0994653440192
30.0994653440196
30.1222232294741
30.1222232294748
30.1233643857287
42.055665574988
42.0635989776165
42.108201058692
42.1082010586921
42.1753533016397
42.1753533016401
42.2174797158406
42.2268371093119
42.2665098615112
42.2665098615112
42.317071832718
42.3170718327189
42.336822676579
56.1283107734808
56.1283107734815
56.1930727037616
56.2434524777232
56.3430146294749
56.343014629476
56.420898734818
56.4208987348181
56.4941207601739
56.5804149395564
56.5804149395573
56.5867469291874
56.7138222385615
56.783929894989
56.7839298949895
72.2498992678748
72.2498992678748
72.4069933872494
72.4069933872503
72.6149279135275
72.6562961220375
72.7171376799696
72.71713767997
72.8337989827805
72.8908960801862
72.8908960801868
73.213807988102
73.2846399183318
73.284639918334
73.5636290993473
73.5636290993473
73.6716524597792
90.4452776847524
90.4530254305326
90.7091730992561
90.7091730992563
91.0547955319629
91.0547955319632
91.1070583890159
91.3073880565692
91.4622465566472
91.4622465566489
91.6545055843881
91.6545055843883
91.6927830924242
92.3256128940058
92.3256128940064
92.5884470594898
93.0283218772037
93.0675943870881
93.0675943870893
110.748757031679
110.748757031679
111.073132297811
111.159751236766
111.256882839777
111.256882839778
112.215606870927
112.270602328378
112.270602328378
112.918730684264
112.918730684266
112.980375571184
113.176863909461
113.176863909461
113.503306298553
113.64337974735
113.920488251487
113.920488251488
115.015016247006
115.462301539427
115.462301539427
133.186329980824
133.186329980825
133.756102132235
133.756102132235
133.845546554819
134.700447241692
134.700447241694
134.853793064439
136.164638892459
136.164638892461
136.316212044957
137.193424689226
137.193424689228
137.329742444109
137.329742444109
137.358968944903
137.5016624142
137.55531382724
138.230302429764
138.230302429767
140.693345617151
140.693345617153
141.375894713546
157.750162526406
157.820728882593
158.525557162625
158.525557162625
158.733724581837
158.733724581837
158.890829065886
162.328285782749
162.685981374885
162.685981374888
162.857156784046
163.107481589965
163.107481589968
164.078870981416
164.272230186706
164.272230186708
164.774456658148
164.77445665815
165.367068660716
165.367068660721
165.67149729677
165.891934242715
169.101525443484
169.101525443484
169.542703238615
184.566620934335
184.566620934338
185.339091909373
186.604415146121
186.604415146124
186.89328103888
186.958789211269
187.250770374057
187.250770374057
191.867940815832
192.559510895493
192.559510895494
193.187989761568
193.187989761571
194.078383172601
194.561011392502
194.561011392506
194.829756707786
196.429001931384
196.584502957615
196.584502957618
197.819481332804
198.017375847324
198.017375847327
199.339409183633
201.57505565074
201.575055650743
213.899277342161
213.899277342164
215.912473706783
215.912473706783
216.473591521265
218.444821631841
218.645868470518
218.645868470518
222.734531095336
222.863756920013
222.863756920013
223.249670590267
224.893227066235
224.893227066235
225.971964945386
225.971964945386
227.858895606311
227.858895606312
228.59766538609
229.149084841615
229.48113223119
231.541175497037
231.54117549704
232.463829682007
233.741939860164
233.741939860165
235.995569942844
235.995569942845
236.137199157699
244.100732769406
246.717067908659
248.452514539849
248.45251453985
250.594259652141
250.75259748286
250.752597482861
254.337281031021
254.337281031024
254.662508057347
257.892862579154
257.892862579156
261.025475836545
261.854208433777
262.104304661136
262.277148870436
262.277148870436
262.811480421316
262.811480421323
267.202806780256
267.202806780258
267.255938541913
268.304615059018
268.867185429224
268.867185429224
272.854990006656
272.85499000666
274.715617660276
274.715617660279
275.688853607088
276.738421157278
278.141900847666
278.141900847667
280.024497097495
287.081583386485
287.081583386486
288.451442043843
289.177224827521
289.693165590018
289.693165590019
294.024773788038
294.02477378804
294.520991835531
295.591957755179
295.591957755181
296.878415859249
301.822328887343
301.822328887345
303.886051923792
304.83012381444
305.957298203154
307.956077114311
307.956077114311
309.841124957869
309.841124957869
315.435125146097
316.141218113403
316.141218113404
316.437087143049
316.43708714305
317.275016252109
317.275016252114
319.175364747878
322.631795545542
322.631795545544
322.86334619199
322.863346191993
325.318081119525
327.32664265328
328.837266097266
329.722575242876
329.722575242876
335.147199612328
335.14719961233
335.248055961469
337.924632413165
340.583760323621
340.583760323627
341.013203116623
341.110804961934
341.110804961948
345.898887985008
346.711947489809
346.711947489809
350.892266381832
352.587098315992
353.748293092036
353.748293092039
357.351256105898
357.990439919905
358.136057321215
358.930151190557
358.930151190559
364.671302394954
364.671302394959
365.050477677146
365.050477677149
366.95131783756
368.281134968915
368.281134968916
368.324850359123
368.324850359124
369.298458734197
369.2984587342
371.332877275756
372.37797965376
373.309802643055
373.30980264306
374.29596593093
384.624133585264
384.624133585268
386.231667512314
386.975374160764
387.331977566556
387.331977566558
390.612272639495
390.612272639498
390.853239004398
397.450907533494
397.450907533495
397.599869436175
397.805211988197
397.805211988198
403.130684665058
403.900685795897
405.76568339137
405.76568339139
412.25236678097
413.109916921997
413.109916922013
414.58325051643
414.583250516433
415.147320971946
417.99293180985
418.5293594381
418.529359438101
419.117784398505
419.117784398512
419.575200017167
420.201476697382
421.705527601714
421.705527601714
424.754435695782
427.315769589963
427.315769589963
428.835154287591
428.835154287593
434.316454479119
434.459181973663
434.459181973663
437.089388322038
441.08353341293
441.083533412937
443.025355305229
444.615360039119
444.61536003912
445.258699743578
445.25869974358
451.381883837229
451.904821633732
451.904821633747
452.02037781206
456.532494022824
456.532494022829
458.474622493392
458.474622493393
463.075051159664
467.426987958234
471.057372231862
471.178069418681
471.441006215118
471.956512041049
471.956512041051
472.282557951906
472.282557951907
473.652647922606
473.652647922609
474.199366532439
478.215513785983
479.359128298294
479.359128298299
481.684625700653
481.684625700665
486.857347522829
486.857347522845
487.338108970871
488.121807556498
490.098089035959
490.098089035968
491.979752421496
494.868852720438
496.321736729737
496.321736729741
498.970590912409
499.443321343562
506.204775435041
506.204775435055
507.690666771567
509.706594591005
509.706594591008
510.886464038129
510.88646403813
514.945522055533
514.945522055544
517.929971092625
523.449323023055
523.449323023061
525.036959745844
525.036959745846
525.202132672835
525.389819611695
534.045307911753
534.238701667396
534.238701667402
537.089980680933
537.089980680948
537.155592209321
537.155592209323
537.986867506952
541.461071825412
541.704894044469
541.704894044483
542.193997566901
542.193997566905
548.727839271181
550.135629994342
550.135629994377
550.704359234442
553.605129808325
555.161866823841
555.161866823844
557.280315790334
560.516393217467
560.580060482357
561.789378839814
561.789378839833
565.839177119422
565.839177119425
567.268072579136
567.26807257914
568.920273578522
571.225294745297
576.81443059112
579.039139262067
579.03913926207
585.254297427983
585.254297427985
586.832180744187
586.832180744198
588.603058395983
590.039705974474
590.039705974477
592.524245939921
592.524245939923
596.497723541182
596.497723541185
597.546106580566-5.96893797115235e-12i
597.546106580566+5.96893797115235e-12i
600.011669067021
601.405530278665
602.916155116368
604.846737884026
604.84673788405
605.180913788851
608.996884463132
612.414306839549
612.41430683957
612.903470339527
612.903470339537
617.390617597783
619.753161854396
621.540868967052
621.540868967054
625.043110049472
625.043110049491
625.739930257687
625.739930257706
628.26917091141
628.269170911425
630.202051418135
634.225018872207
634.225018872219
635.372343199005
637.231777679761
639.528013579477
642.665127166222
647.463014779152
647.463014779155
648.356287965648
649.589068106179
649.810992362248
649.81099236225
659.017637706629
659.017637706644
659.287958673327
659.460129578267
661.467945315678
665.596658772122
665.596658772123
667.234901126904
667.243947887966
667.96550035378
667.965500353797
672.5669596644
675.066355647777
676.935475032366
676.935475032379
678.455632648676
678.455632648678
686.799944894726
686.799944894727
688.516208214069
692.6511658465
694.672403518696
694.672403518699
695.25490082686
695.254900826871
697.1301903934
697.130190393409
703.744761716408
703.74476171641
706.831361768655
706.831361768706
706.850800848099
708.585696594759
714.4761394203
715.0052184331
715.005218433109
716.86938436002
716.869384360029
720.108199691905
720.108199691914
722.910607777763
722.910607777764
723.496850639382
725.868400262456-2.08646761831743e-11i
725.868400262456+2.08646761831743e-11i
726.200315562564
731.042254790324
732.049210709112
732.049210709119
736.289980946759
739.59163302764
739.591633027669
747.488102606488
748.451697813384
748.451697813407
749.684372268206
751.114726974776
751.114726974807
753.578192864365
753.578192864396
756.105131090727
757.607521878632
763.63116061137
763.724320564003
763.724320564008
767.474221323283
771.242887105158
773.221246857114
773.954128506006
773.954128506011
775.993065019922
775.993065019945
777.106425585557
777.106425585569
780.931389307951
786.547817542848
786.547817542883
792.630681927851
794.796112082872
794.796112082898
798.826935672971
798.826935673032
799.907235329787
808.496596924631
808.496596924658
808.618026894492
808.618026894497
811.767155550195
811.767155550223
814.565161770713
814.831243627138
815.01531147178
815.015311471789
819.512359900054
823.277471912662
823.277471912685
823.500016226188
823.50001622625
826.332002943993
826.734310640587
827.588251661883
830.996691711252
832.005370200388
832.585591202026
832.585591202045
835.880083587413
838.960755800502
838.960755800534
840.219903629696
840.88374705023
840.883747050297
841.271371738177
846.497462408626
851.230534081789
851.230534081838
852.465576016242
854.327319197413
854.327319197417
861.541740969312
861.541740969334
862.037247573606
862.037247573685
863.247105082007
867.422636841476
872.89185705198
872.891857052
878.174862004052
878.82360233648
879.421488840373
879.421488840393
884.144222746328
884.144222746369
886.921230026824-3.05975065956025e-12i
886.921230026824+3.05975065956025e-12i
888.101035790712
888.101035790721
891.385428607655
891.64196761229
901.266839156046
901.266839156068
916.328241910023
916.328241910059
919.242173481856
919.242173481859
919.788867586289
920.688070867882
925.961037865584
925.961037865604
926.773322717179
926.773322717204
930.536316738997
931.341869705897
935.07165505398
935.071655053984
943.991216037799
946.080802996911
946.080802996914
946.484531553069
946.653990839321
950.355042306463
950.35504230647
952.522035976321
962.470863226857
962.470863226925
964.529508699967
966.072725794888
968.972672103549
968.972672103616
971.917736997969
971.917736998036
975.537706763808
980.100779074556
980.100779074619
982.632220507225
984.529193389737
986.628641933311
987.847736497626
995.113043868356
995.113043868381
996.889386231247
996.889386231255
997.490687811544
997.490687811599
1001.28925660063
1003.47988636338
1004.63066027295
1004.63066027302
1005.68142084665
1005.68142084667
1008.36444500931
1013.06952764964
1013.06952764969
1020.79916242942
1020.79916242945
1022.23611755477
1023.01146009786
1023.1422422687
1027.7036695705
1027.70366957057
1033.51278002975
1033.51278002981
1033.6181747163
1038.74491931238
1038.74491931238
1040.05125695256
1041.50583958989
1041.5058395899
1045.42642357579
1046.3207152087
1046.32071520874
1051.94897895938
1051.94897895939
1060.81610512581
1060.81610512583
1060.84792126443
1070.25224695752
1070.25224695752
1073.04837609543
1075.64220116115
1075.64220116121
1078.17147357812
1079.59037869038
1083.51967696942
1088.7563642522
1089.51265583006
1089.51265583011
1091.59697842797
1091.59697842799
1095.40747745765
1096.48885470966
1096.48885470966
1102.10963370931
1102.10963370931
1110.29041807375
1110.2904180738
1110.54792819257
1110.54792819259
1111.60718099714
1116.54407346991
1124.6000016199
1132.43912592608
1137.63130423374
1137.63130423375
1140.53462429553
1140.53462429555
1145.9916738409
1145.99167384094
1148.28223455678
1150.14680544728
1150.14680544728
1158.12408320545
1159.78909033446
1159.78909033448
1164.55645691811
1164.55645691816
1164.65227732695
1169.36980208122
1169.36980208132
1170.5369174883
1170.99450014072
1173.93704823388
1173.93704823394
1176.9201888722
1176.92018887223
1177.44416990133
1182.80849909019
1184.12777632142
1185.1129627505
1190.23218956257
1190.23218956262
1190.76115476577
1190.76115476586
1194.34660347979
1194.34660347992
1200.9974736625
1201.54514884769
1201.54514884771
1202.40186038042
1211.28026497339
1211.28026497341
1211.77382018293
1212.98108503162
1212.98108503169
1217.27583316694
1217.27583316703
1233.19287629113
1233.19287629128
1238.86233405003-5.76459540193281e-11i
1238.86233405003+5.76459540193281e-11i
1242.3455840264
1242.65509549519
1243.60305929025
1247.20636927167
1250.65770208481
1253.75128475332
1254.27075619447-2.9677818638428e-11i
1254.27075619447+2.9677818638428e-11i
1257.0960135601
1257.09601356015
1262.93609790321
1270.43337416938
1270.70431971773
1271.09534908572
1271.79308857987
1271.79308857989
1274.23981088615
1274.23981088618
1275.65569452882
1275.65569452891
1285.47766997932
1285.47766997936
1287.35165280686
1287.93373626489
1288.81888958427-6.58649181103386e-11i
1288.81888958427+6.58649181103386e-11i
1298.08329033025
1298.08329033028
1304.14220704403
1304.68774986008
1307.44342381025
1307.44342381038
1308.5742408149
1311.41394360735
1318.21703322191
1318.21703322229
1330.88254416601
1330.88254416629
1342.03936966564
1346.14307409134
1346.14307409149
1349.39758099113
1349.39758099114
1349.57080504237
1349.57080504254
1352.56644885561
1356.29452255784
1360.11707660706
1360.11707660712
1365.29865638442
1365.93335286828
1367.88410719664
1373.56562268061
1373.56562268075
1375.75568476854
1375.75568476864
1379.12904968632
1387.59207749296
1389.13366256237
1390.79572656183
1390.79572656198
1393.90719562376-3.92156319361903e-11i
1393.90719562376+3.92156319361903e-11i
1396.70980443559
1396.70980443561
1398.22752509033
1398.22752509052
1402.24025228075
1408.64725631698
1409.07190023874
1409.07190023875
1409.27106518234
1409.27106518246
1418.7415186556
1421.25901100813
1421.25901100816
1421.35786123603
1421.35786123607
1426.09901041003
1430.19706096987
1431.5352186974-1.08385186750407e-10i
1431.5352186974+1.08385186750407e-10i
1433.77248845751
1445.44626994191
1445.76509853956
1451.13131187361
1453.87140941662
1453.87140941662
1456.80229474367
1457.80769279882
1462.04720069334
1462.04720069338
1465.6270735936
1465.62707359366
1466.11834966395
1466.11834966397
1468.39499640341
1469.96601757198
1469.96601757218
1474.98873936643
1478.09596070699
1479.5821519964
1479.58215199644
1480.28473403639
1480.2847340365
1491.88345379769
1491.88345379778
1493.76979608106
1501.39540887163
1501.39540887168
1501.42677598774
1508.87287615224
1511.90555219779
1511.90555219806
1512.17592119216
1512.44625778944
1516.07389261962
1516.07389261984
1523.18930073728
1523.1893007373
1532.11554577058
1536.49728417067
1536.49728417077
1539.69479826365
1539.69479826371
1539.94908144442
1542.82630645244
1542.82630645252
1550.9105384834
1550.91053848355
1551.45380754451
1558.65251895384
1563.37391075425
1563.37391075426
1573.12656116124
1573.12656116151
1573.4941610962
1577.76724329542
1577.7672432955
1580.45000693924
1580.45000693926
1581.09561990504
1598.19469618924
1599.90632855456
1600.27854321208
1600.27854321293
1606.81077953023
1606.81077953046
1609.89330325061
1609.89330325064
1613.64424740176
1613.64424740198
1614.94258915227
1617.46878572218
1625.20913917164
1625.20913917177
1626.7119455812
1630.18939282346
1631.99440078393
1633.55995171483
1633.55995171487
1634.75024759049
1639.58983714579
1639.58983714589
1642.47211929499
1642.47211929527
1650.78838981837
1658.24953834155
1661.53740570997
1661.53740571001
1668.00348282748
1668.00348282764
1672.46049000092
1681.07467071196
1681.0746707122
1686.6845130091
1688.95068487321
1691.51691249096
1691.51691249114
1692.34756702225
1694.58461824792-3.95764820691648e-11i
1694.58461824792+3.95764820691648e-11i
1701.30509999198
1701.3050999925
1704.58182956502
1704.58182956524
1705.50157020409
1706.61559485784
1713.23122390555
1713.23122390563
1716.15151358497
1724.64914654536
1724.64914654541
1736.83816569509
1736.83816569523
1737.96113137362
1743.16616548513
1743.16616548532
1749.50296718133
1752.12037892331
1752.12037892338
1757.77503674999
1770.94822905268
1771.34626290453
1771.34626290503
1777.84666165877
1779.98247577323
1779.99659805081
1779.99659805097
1789.71335823968
1789.71335823991
1790.78171094447
1797.6283332965
1799.96210897425
1799.96210897447
1817.29249084232
1817.29249084265
1819.83602723302
1826.26063647786
1826.26063647792
1831.9264225
1831.9264225004
1834.08056072489
1851.68727314253
1851.68727314307
1857.43896509171
1857.4389650918
1868.46285500248
1875.61451818354
1875.61451818365
1882.79859442583
1885.76523390854
1885.76523390901
1890.8466239218
1891.08909743479
1892.78865477918
1892.78865477972
1894.3153766526
1902.56476455012
1914.11916911835
1914.11916911867
1917.28034856453
1917.28034856467
1917.7422804269
1919.72879373841
1927.63213819074
1929.34339666651
1929.3433966668
1940.54231044699
1940.54231044781
1946.42215301845
1950.53473319046
1950.53473319074
1954.23358177269
1954.28096484534
1954.28096484557
1962.43905985578
1962.43905985611
1965.27933695889
1971.34865695343
1980.20777642222
1980.20777642233
1988.46014311166
1988.46014311172
2000.32557395758
2012.13617192587
2012.59899408796
2015.5819736915
2016.11253673105
2016.1125367312
2021.26203172107
2026.75486142206
2026.75486142209
2028.68985007462
2030.75625880063
2030.75625880129
2031.20838946955
2039.23211586217
2042.20792166351
2044.0973092645
2044.20651503706
2044.20651503716
2044.77475262034
2044.77475262044
2050.9922777545
2050.99227775493
2063.44092756364
2064.66444608751
2064.66444608784
2070.76574568347
2070.76574568362
2071.17918788141
2071.17918788153
2073.85382054528
2076.32091152934
2077.28163567645
2077.28163567668
2081.48178324533
2081.48178324562
2092.03640795107
2095.08164884775
2109.32123132447
2109.32123132485
2114.59751585867
2115.70030813199
2115.70030813217
2120.41289374328
2120.41289374353
2121.30392344799
2122.18697965772
2123.41276085755
2123.41276085804
2138.61785832405
2143.04165146502
2143.04165146513
2149.28310709938
2159.14538307516
2163.10056710328
2164.33243314579
2164.33243314641
2167.3050371851
2167.30503718514
2168.35857752544
2168.35857752593
2195.00215449862
2197.56330732257
2197.56330732294
2199.76171628949
2199.76171628986
2200.08023391945
2200.96706164168
2200.96706164204
2209.94497969349
2209.94497969386
2221.90660203883
2221.90660203902
2229.46426577547
2229.46426577554
2235.31949012402
2258.67764506371
2258.86562793746
2259.14991543917
2259.14991543923
2271.13193634672
2272.52906963809
2272.52906963815
2279.16848761029
2283.89033302058
2283.890333021
2288.13251570435
2288.13251570436
2292.30321572782
2297.80231541828
2309.38203728337
2309.38203728423
2309.78655330724
2309.78655330738
2314.71599477906
2314.71599477951
2334.37706902938
2340.03435374756
2340.03435374801
2348.28602197183
2350.05107953143
2355.74247121113
2355.74247121165
2359.47733117514
2361.90418697407
2365.23272222841
2365.23272222892
2374.5324153491
2378.4004999445
2383.73662224547
2383.73662224577
2384.96097564679
2384.96097564684
2386.60729880696
2401.79203927898
2418.05154872676
2418.05154872711
2418.16167765416
2426.86004679212
2431.55975219739
2431.65341069268
2445.53923267956
2445.53923268031
2445.7966884781
2445.79668847857
2448.386890119
2455.73314835987
2455.73314836085
2464.23529429533
2469.49678339728
2469.49678339817
2470.43803150831
2470.43803150935
2477.07157596367
2477.07157596416
2483.76391049031
2483.76391049052
2483.92033475985
2486.56320969595
2490.0117098675
2490.01170986756
2492.76970815804
2492.76970815823
2501.10177518696
2502.39604990571
2502.3960499059
2511.72951064478
2511.72951064497
2521.22420698302
2533.78953881495-2.18441832875402e-10i
2533.78953881495+2.18441832875402e-10i
2536.82713816479
2538.29554542079
2538.29554542082
2539.11887364232
2540.87981946127
2542.35589677159
2561.97270998631
2561.97270998665
2567.40865959271
2567.40865959404
2576.62926754949
2597.52106858081
2597.52106858123
2598.39458206816-3.42447874916987e-10i
2598.39458206816+3.42447874916987e-10i
2600.78096486421
2605.64922280769
2605.64922280822
2610.76483034763
2613.63770305423
2613.63770305515
2613.94433170189
2622.77146982049
2622.77146982069
2628.52441726049
2630.53347923435
2630.53347923478
2646.0011618015
2646.74722972101
2647.66578566656
2647.66578566682
2650.60271765705
2650.60271765726
2656.8937732456
2657.73780632594
2663.1927039021-5.00502753279492e-10i
2663.1927039021+5.00502753279492e-10i
2670.46117132338
2670.46117132527
2678.4878370732
2686.22307035418
2687.38801278554
2687.38801278568
2691.0267861913
2696.52741248701-6.87847220030235e-10i
2696.52741248701+6.87847220030235e-10i
2703.04444916967
2706.27945372246
2706.2794537234
2711.32500274902
2711.32500274937
2718.33161649463
2718.33161649534
2719.18827280172
2719.18827280233
2721.55423050546
2726.73362793415
2727.31976772219
2755.11225234466
2758.54157710425
2758.54157710549
2760.1481339739
2768.71603006682
2769.09771343164
2769.09771343194
2781.9056142201
2788.55826327905
2788.55826328049
2792.61987610258
2803.22659389634
2803.22659389715
2816.43503227401
2821.86248134769
2821.86248134816
2825.81509093934
2830.74123784428
2831.23029832603
2831.23029832646
2836.42939573927
2852.79816073256-5.41504614634725e-10i
2852.79816073256+5.41504614634725e-10i
2852.93179751046-4.32955146587535e-10i
2852.93179751046+4.32955146587535e-10i
2855.01246558333
2883.18518597149
2883.18518597163
2883.64573988795
2883.64573988852
2914.81790578214
2920.66388819898
2921.54354227733
2932.20681098525
2934.11463591184
2934.11463591346
2941.25042232891
2943.64888677484
2943.64888677523
2957.18409078153-7.52945568654493e-10i
2957.18409078153+7.52945568654493e-10i
2961.370791109
2962.32754017022
2962.3275401719
3010.5611419918
3016.32860197251
3016.32860197366
3025.59860358144
3025.59860358182
3027.30668105736
3030.92177503299
3030.95131971351
3038.02967289848
3038.02967290137
3040.66235899677
3040.66235899943
3058.19685984299
3070.94204328165
3071.28615215923
3085.30259546675
3085.30259546964
3101.32753337594
3101.32753337958
3101.63110445415
3101.63110445625
3135.20074430257
3135.20074430304
3142.20075853424
3142.20075853779
3148.14435655826
3148.14435655888
3161.31307666837
3162.20503427917
3175.1273337873
3175.18647011847
3175.18647011855
3179.66454280008
3183.79348345549
3183.79348345564
3196.17310168824
3196.17310168962
3205.93176306597
3205.93176306613
3224.95827915859
3232.91836670145
3236.81411302564
3237.73915465595
3237.73915465701
3240.24043091088
3240.2404309121
3255.37244370733
3257.51523895557
3263.22021891697
3290.91395635332
3290.9139563534
3291.15458950362
3291.15458950384
3315.33555096636
3315.33555096718
3318.35222747382
3321.79848651932
3373.57103730991
3373.57103731122
3396.89522907775
3396.89522907818
3399.41125551599
3399.41125551657
3404.39719321893
3404.78064508751
3408.50668954224
3441.85072109128
3441.85072109164
3447.961101263
3447.9611012635
3449.25710588327
3450.90463923237
3453.57540732984
3453.57540733134
3453.89516407593
3457.4832503118
3457.48325031275
3491.13753027039
3491.956762544
3491.95676254451
3496.9292984906
3498.21614490317
3500.04522831722
3514.87264882015
3516.73629171487
3516.73629172182
3522.14424677835
3522.14424677998
3526.04048655581
3526.04048655686
3534.36618399715-9.20829241137781e-10i
3534.36618399715+9.20829241137781e-10i
3534.48689092217
3534.48689092221
3542.58147245107
3556.72562267706
3623.00574774743
3623.00574775
3623.39272853786
3623.3927285398
3663.05504639292
3664.25208917267
3679.36060932085
3679.36060932109
3684.35324399389
3684.35324399463
3685.96277183659
3697.74999018761
3698.78793348561
3705.63213354599
3705.63213354698
3731.59560103084
3731.59560103259
3755.15438283331
3760.26820189713
3760.26820189995
3761.18115450551
3761.18115450839
3793.39896022685
3808.28650398411
3808.28650398637
3825.77354559491
3825.77354559501
3827.00484825552
3843.24967428275
3853.21649264509
3853.59120493359
3853.59120493581
3858.30945770519-6.64018404422079e-10i
3858.30945770519+6.64018404422079e-10i
3859.95945192953
3864.9367943924
3869.17761475377-7.4166865141894e-10i
3869.17761475377+7.4166865141894e-10i
3872.01528131985
3876.01691381407-6.17622861053062e-10i
3876.01691381407+6.17622861053062e-10i
3878.20819809309
3912.91948667676
3912.91948667862
3916.0666056953
3937.88609836454
3937.88609836519
3966.52007865112
3969.81859873661
3970.27778435601
3970.27778435627
3971.5332234665
3971.53322346711
3981.41243128467
3993.51703376951
4003.58411204052
4003.58411204081
4018.72952006327
4018.72952006363
4023.53289070708
4027.31306741902
4029.03641152221
4033.50503915032
4033.50503915198
4035.20826237107
4035.20826237213
4049.34241847081
4054.01761202019
4054.01761202207
4060.10774063884
4060.10774063985
4063.19994302997
4085.48680423291
4093.26014924861
4129.90919216366
4129.90919216675
4132.9489800825
4132.94898008266
4180.7172672368
4184.25921601103
4184.2592160122
4186.24531506184
4186.24531506215
4187.08260034917
4204.84687220633
4214.90086503598
4214.90086503623
4221.19168412398
4221.58665078719
4221.58665078893
4233.50704475976
4247.3604268162
4247.36042681728
4256.75525273903
4265.90990968304
4265.90990968483
4279.72138232191
4279.72138232226
4287.69574181156
4297.58185356309
4297.58185356397
4309.49999236408
4331.96955365628
4333.02816996176
4333.02816996373
4338.24471243873-1.1764737746702e-09i
4338.24471243873+1.1764737746702e-09i
4341.80667307174
4383.96681458242
4383.96681458461
4388.26344028893
4388.26344029163
4389.48794430246
4400.51949505938
4416.53837696899
4426.73712309294
4429.15884287469
4429.1588428758
4433.19279439712-6.81379746264719e-10i
4433.19279439712+6.81379746264719e-10i
4517.13219661671
4517.13219661799
4517.71987158085
4517.71987158333
4549.10526557338
4549.10526557485
4549.20060257626
4550.60670569598
4550.60670570126
4550.89212078807
4557.30269904617
4567.88625748475
4567.88625748493
4576.16968089193
4576.72922110878
4576.72922111138
4584.86275737614
4587.01231825181
4606.34971935134
4607.80671230179
4648.17936222603
4648.1793622286
4650.90341959619
4650.90341959716
4658.69335650463
4658.69335650607
4659.51637363428
4660.22579045887
4660.22579045946
4670.47115458756
4747.10926510791
4747.10926510832
4747.53556351218
4747.53556351679
4748.31296724278
4748.53311645949
4753.02067251092
4753.02067251398
4753.45207976091
4753.61601834852-1.53661859201e-09i
4753.61601834852+1.53661859201e-09i
4758.58656296214
4768.21926335646
4770.48016940787
4770.48016941467
4774.88695273487
4774.88695273581
4783.7145099617
4836.53659936139
4836.53659937377
4837.4464183365
4837.44641833933
4875.43120215637
4883.03619099824
4883.0361909997
4894.4775679282
4895.3754687304
4897.83770787282
4897.83770787385
4907.44486092073
4974.31235747809
4974.31235748
4974.79237547344
4974.7923754756
5027.2949779522
5035.85933044964
5035.85933045375
5051.08108873883
5051.08108874281
5051.47417717881
5051.60508911769
5057.83877574534
5121.15942598894-1.91291025275762e-09i
5121.15942598894+1.91291025275762e-09i
5124.66576065805
5125.89360450541
5125.89360450564
5132.27481293313
5148.51531345888
5149.12498962359
5154.79787783032
5154.79787783451
5155.51422092756
5155.51422092857
5191.06861291206
5191.06861291231
5191.08836463478
5191.08836463776
5259.79189235278
5259.79189237104
5261.05894348257-2.44483360484662e-09i
5261.05894348257+2.44483360484662e-09i
5269.32464885451
5270.82547420822
5271.95411097603
5272.35412652177
5276.44175885777
5277.53987457223
5277.53987457335
5278.55033220689
5278.55033221014
5285.25332768428
5287.97842876243
5287.97842877715
5290.76036857902
5290.76036858466
5479.36402468787
5479.36402469632
5479.39282897055
5479.39282897228
5494.05496964709
5494.08188127114
5511.91215292259
5512.72443012301
5517.21900518331
5517.21900519469
5517.64502602454-5.87130125942563e-09i
5517.64502602454+5.87130125942563e-09i
5534.39664583912
5534.3966458407
5534.44883831427
5534.44883831889
5543.25199972124
5543.38596525319
5637.97526894175
5637.97526894831
5638.12634456232
5638.12634457042
5661.37999224022
5662.34375186143
5680.61714854032
5683.28778772712
5708.33133804556-4.45423004313522e-09i
5708.33133804556+4.45423004313522e-09i
5709.40048151165-1.2657695890848e-09i
5709.40048151165+1.2657695890848e-09i
5760.11155925778
5760.11155926425
5761.16112155878
5761.16112156143
5774.89052933382
5776.26237970553
5997.59148316266
5997.59148317181
5998.97102413435
5998.9710241444
6000.88185183473
6003.65499474719
6085.57781969173
6085.78559445423
6091.26427089884
6091.26427091981
6091.44501528185
6091.44501528415
6101.18583831949
6101.18583832322
6101.22254968805
6103.35635542517
6103.35635543681
6105.58038965323
6151.83936784114
6157.46941834309
6157.46941835372
6169.72062801674-4.25797750448373e-09i
6169.72062801674+4.25797750448373e-09i
6179.76164982721
6188.42876406445
6196.75609877222
6196.75609879219
6205.43197310155
6205.43197311109
6209.00359661077
6390.05370631561
6393.31602643265
6393.31602643373
6397.99684532482
6397.99684534149
6399.38392341128
6448.30784000724
6450.17671490274
6450.17671491326
6453.80030218443
6453.80030219286
6455.53774372445
6484.10227359212
6484.116598857
6486.93728561173
6488.19204359092
6488.19204363541
6489.562660998
6489.56266101232
6489.60790625987
6545.67537423401
6545.67537423875
6546.12648100116
6546.12648101072
6558.76802595758
6561.48370302332
6561.48370303038
6563.21301545012
6563.21301545605
6563.34136517361
6637.56764642931
6637.56764643323
6637.60485994938
6644.54312609365-2.25873984630202e-08i
6644.54312609365+2.25873984630202e-08i
6651.91395384902
6699.29151503975
6707.46023713208
6707.46023714912
6723.32717086169
6723.3271708718
6732.65202907006
6773.33512987349
6779.4969843498
6779.49698435096
6788.35616002518
6788.35616003895
6791.99077438696
7174.68526825451
7174.6852682643
7175.21722736993
7175.21722737569
7175.67616128306
7176.76695701749
7313.8327489683
7316.72961911396
7325.50021384539
7325.50021384568
7328.14476683986
7328.14476684758
7355.63926660034
7355.63926661247
7358.91335929424
7358.91335929493
7371.09199468122
7376.07285207331
7429.6276370578
7437.48300374132
7441.75601788775-2.15493146096245e-09i
7441.75601788775+2.15493146096245e-09i
7446.499907725
7446.49990773207
7478.01343037891
7478.01343039081
7483.7311298729
7483.73112988106
7484.95225315929
7497.81010969002
7502.82872358589
7504.49436915094
7509.14528199418
7509.1452820008
7510.4768138835-1.30856486851091e-09i
7510.4768138835+1.30856486851091e-09i
7547.37658824714
7547.86817414899
7547.86817414949
7550.98154264227-3.67915633635462e-09i
7550.98154264227+3.67915633635462e-09i
7553.18026292595
7784.45585747156
7784.45585750441
7784.45887795079
7784.45887810243
7804.24098182804
7804.26433136315
7808.18328184289
7808.18328185895
7808.19087844006
7808.19087847476
7972.26575144163
7972.26647177709
8057.07723348223
8057.07723348885
8057.08338433959
8057.0833843548
8058.90545963911
8058.91518377871
8224.30422814089
8224.34983759411
8231.77200137921
8231.7720013911
8231.81478617642
8231.81478622942
8266.19079466125
8266.19079467261
8266.26532638961-3.19539671836362e-09i
8266.26532638961+3.19539671836362e-09i
8280.67675932405
8280.78921066195
8456.20098832766
8456.63316837591
8456.78462733881-2.82705477224621e-08i
8456.78462733881+2.82705477224621e-08i
8457.00380051374
8457.0038005814
8520.17375044569
8520.17375052585
8520.33583257653
8520.59444807653
8520.59444810929
8521.16685616069
8595.1992524674
8595.19925255121
8595.30812402479
8595.37068124463-9.5030594596779e-09i
8595.37068124463+9.5030594596779e-09i
8595.65242523125
8815.95066106773
8816.5381995111
8816.76075916031-4.1719127089934e-08i
8816.76075916031+4.1719127089934e-08i
8817.01726420289
8817.01726424737
8836.77229314484
8836.77229318838
8837.56186548111
8839.70349285202
8839.70349287247
8845.26975264905
8849.62063992614
8850.18432387153
8851.6686215742-1.45560871669821e-08i
8851.6686215742+1.45560871669821e-08i
8852.99613262959
8852.99613264116
8872.76446373474
8875.52948565714
8875.52948566977
8881.25201432389
8881.25201436385
8884.07695071283
8974.22284508843
8974.22284509529
8974.3227546876
8974.32275469855
8986.25533358261
8986.42033189568
9260.9936142157
9264.62705856499
9264.6270586095
9272.73803147868
9272.73803151449
9277.52331278655
9320.49147024502
9324.67856603045
9324.67856605498
9331.57647618466
9331.57647621928
9334.59262639807
9522.68614357597
9522.6863585989
9645.29592057374
9645.29592072774
9645.29622119324
9645.29622135098
9918.23216984478
9918.31813022838
9918.31813024806
9918.46200609588
9918.46200619125
9918.51986298059
9969.02577447593
9969.02577458501
9969.02588624046-4.76600343410881e-08i
9969.02588624046+4.76600343410881e-08i
10075.3052287254
10075.3392311856
10083.8066012503-6.70884150346466e-08i
10083.8066012503+6.70884150346466e-08i
10083.8233830511
10083.8233831417
10086.2204688675
10086.2204848217
10171.5591026012
10171.5613395658
10233.326093999
10233.3260940729
10233.3275997948
10233.3275999109
10363.3273486998-1.73206602272145e-08i
10363.3273486998+1.73206602272145e-08i
10363.3274804019
10363.3274805082
10370.0301310252
10370.0302104433
10453.4496467285
10453.6744053106
10453.8163253802
10453.8163254613
10453.9286087589
10453.9286087688
10607.5677214835
10607.5966032656
10607.5966034229
10607.7106721618
10607.7106721959
10607.7956461052
10943.5727994668
10943.5729257755
11194.993842243
11195.0057081996
11195.0057082812
11195.0238895193-2.77482306781698e-08i
11195.0238895193+2.77482306781698e-08i
11195.0301755939
11339.1125696744
11339.1392262348
11339.1392264182
11339.1952704984
11339.1952705808
11339.2241476925
11484.3307051843
11484.3307052024
11484.3383286198
11484.3383286276
11504.4670977603
11504.4981219782
11507.9418869624
11507.9428920295
11525.8625255777-3.22618653050059e-08i
11525.8625255777+3.22618653050059e-08i
11525.8701837996
11525.8701838458
11567.9811544201
11568.012943486
11570.1597896368
11570.1597896962
11570.1757421666
11570.1757422605
12059.2627800637
12059.2627803943
12059.2648136428
12059.2648137219
12060.6949769547
12060.6990406332
12606.5188595666
12606.8414778878
12606.8414778968
12607.4968136024
12607.4968136757
12607.8300557013
12633.8467509467
12634.1558797321
12634.1558797916
12634.7629462573
12634.7629463284
12635.0614044391
13822.5594599586
13822.5912167637
13822.5912168202
13822.6514370821
13822.6514371668
13822.6798977165
13948.5946963555
13948.6186641828
13948.6186644899
13948.6701710673
13948.6701711575
13948.6977072366
15084.2196986381
15084.3610289196-9.457972899444e-08i
15084.3610289196+9.457972899444e-08i
15084.3639242369
15084.4331955921
15084.4331962044
15205.6135971301
15205.6143231304
15225.0879908478-5.80784820615746e-08i
15225.0879908478+5.80784820615746e-08i
15225.1357432904-8.64835766685142e-08i
15225.1357432904+8.64835766685142e-08i
15225.1367121088
15225.2316515055
15294.0367022674
15294.0367024806
15294.0370106363
15294.0370109738
15455.0024560223
15455.1889029213
15455.2836557932
15455.2836562365
15455.3810023349
15455.3810024187
15472.8778872077-7.90287626329122e-08i
15472.8778872077+7.90287626329122e-08i
15472.8823450928
15472.8823452147
15513.6669605684
15513.6669605848
15513.7033340351
15513.7033340965
15514.4015723552
15514.4777481288
15549.1444607146
15549.351063091
15549.8603348304
15549.8603353976
15549.9633116607
15549.9633120033
15551.188689456
15551.1890252415
15643.6889352199
15643.6889356886
15643.7696238713
15643.8455224637
15643.8455235761
15644.0813738939
17615.8639519003
17615.8639520323
17615.8639545316
17615.8639548009
17630.4055541285
17630.4055707051
17670.3426790245
17670.3426952907
17701.4432671865
17701.4432687095-4.1482643914363e-07i
17701.4432687095+4.1482643914363e-07i
17701.4432693699
18109.0313772871
18109.0313784491
18109.0313798266
18109.0313833195
18147.1750183288
18147.1750194764
18694.0767172949-3.46240857232302e-07i
18694.0767172949+3.46240857232302e-07i
19009.6467858499
19009.6467871735
19009.6467880136
19009.6467887501
19751.7534412182
19751.7549241074
19751.8766068357
19751.876607133
19751.8773553901
19751.8773558265
19789.2237950473
19789.2237951706
19789.2251165799
19789.2251168037
19789.349047191
19789.3516763836
20502.6721637831
20502.6721649746
20538.8745107463
20538.8745108046-3.53161866295635e-07i
20538.8745108046+3.53161866295635e-07i
20538.8745113634
20609.5739178024
20609.5739183044
20609.5739192182
20609.5739195093
20638.7182917163
20638.7182937009
27017.8636571278
27017.865670139-2.84895739372268e-07i
27017.865670139+2.84895739372268e-07i
27017.868530739-8.78577985970535e-08i
27017.868530739+8.78577985970535e-08i
27017.8693775932
27078.8342693322
27078.8350334987-3.15793710149369e-07i
27078.8350334987+3.15793710149369e-07i
27078.8380951773-3.23031198530774e-07i
27078.8380951773+3.23031198530774e-07i
27078.8403921371
27428.4642424013
27428.4671669843
27428.4686834958-7.65919126203495e-07i
27428.4686834958+7.65919126203495e-07i
27428.4701468916
27428.4701501268
27616.7647160457
27616.7647172694
27616.7648033376
27616.7648077779
27616.7678265551
27616.7680020079
31511.3817467613
31511.3817503223-2.02843595457302e-06i
31511.3817503223+2.02843595457302e-06i
31511.3817535512
31698.411677838
31698.4116842492
35376.7530915036
35376.7530980894
35390.6491181702
35390.6491188237
35390.6491205938
35390.6491219876
35458.2617083635
35458.2617094935-3.19782480190094e-06i
35458.2617094935+3.19782480190094e-06i
35458.2617099803
35474.1189454712
35474.1189474625
38862.5217328616
38862.5217463739
38862.5217565264
38862.5217650191
38946.7325193494
38946.7325230391
39501.02358874
39501.0236540738
39623.9805704569-1.77138626803441e-06i
39623.9805704569+1.77138626803441e-06i
39623.9805779059
39623.9805877655
76052.9465600341
76052.9465857714-3.29619784234377e-06i
76052.9465857714+3.29619784234377e-06i
76052.9466547684
76166.7583398787
76166.7584243633
